# ra_1	dec_1	r	rErr	i	iErr	ha	haErr	mergedClass_1	errBits	l	b	RA_2	DEC_2	L	B	MERGEDCLASS_2	J	JERR	H	HERR	K	KERR	Separation
#71.71345 45.19067 15.15112 0.00178 14.53683 0.00308 14.86707 0.00330 -1.00000 0.00000 160.02859 -0.05216 1.25164 0.78873 160.02862 -0.05213 -1.00000 13.73026 0.00137 13.42028 0.00124 13.31220 0.00254 0.16115
71.71291 45.20898 19.30678 0.03447 18.40402 0.04091 19.00051 0.06130 -1.00000 0.00000 160.01440 -0.04058 1.25163 0.78905 160.01442 -0.04054 -1.00000 17.03893 0.01243 16.51108 0.01363 16.31504 0.02932 0.18393
71.71203 45.17828 17.36975 0.00711 16.61226 0.01036 17.10912 0.01324 -1.00000 0.00000 160.03738 -0.06095 1.25161 0.78851 160.03741 -0.06092 -1.00000 15.54538 0.00404 15.18034 0.00443 15.00875 0.00944 0.16099
71.71076 45.20014 15.34154 0.00197 14.62742 0.00323 14.99174 0.00352 -1.00000 0.00000 160.02015 -0.04747 1.25159 0.78889 160.02017 -0.04744 -1.00000 13.65363 0.00131 13.19879 0.00108 13.06396 0.00215 0.14600
71.70974 45.18642 17.87001 0.01039 17.06184 0.01421 17.59488 0.01909 -1.00000 0.00000 160.03013 -0.05690 1.25157 0.78865 160.03015 -0.05688 -2.00000 15.97104 0.00545 15.55493 0.00602 15.39339 0.01308 0.13658
71.70899 45.17501 19.57615 0.04367 18.69945 0.05257 19.15327 0.07005 -1.00000 0.00000 160.03848 -0.06470 1.25156 0.78845 160.03850 -0.06467 -1.00000 17.31735 0.01580 16.80686 0.01781 16.70033 0.04169 0.15210
71.70811 45.17083 17.12139 0.00594 16.27954 0.00832 16.74025 0.01018 -1.00000 0.00000 160.04127 -0.06788 1.25154 0.78838 160.04129 -0.06785 -1.00000 15.06938 0.00296 14.55744 0.00273 14.38892 0.00569 0.17462
71.70852 45.19046 17.93293 0.01092 16.86402 0.01234 17.44567 0.01702 -1.00000 0.00000 160.02650 -0.05494 1.25155 0.78872 160.02653 -0.05491 -1.00000 15.44077 0.00376 14.71947 0.00308 14.51117 0.00625 0.16808
71.70752 45.18488 19.20128 0.03144 18.31327 0.03792 18.87583 0.05502 -1.00000 0.00000 160.03030 -0.05910 1.25153 0.78862 160.03032 -0.05907 -1.00000 16.96345 0.01175 16.39072 0.01232 16.17651 0.02602 0.14780
71.70581 45.16650 18.86543 0.02354 17.91205 0.02728 18.46835 0.03884 -1.00000 0.00000 160.04351 -0.07192 1.25150 0.78830 160.04354 -0.07190 -1.00000 16.45698 0.00788 15.88063 0.00795 15.67298 0.01674 0.14146
71.70596 45.19317 19.68697 0.04817 18.71241 0.05315 19.43714 0.08996 -1.00000 0.00000 160.02327 -0.05456 1.25151 0.78877 160.02329 -0.05454 -1.00000 17.35343 0.01622 16.78563 0.01744 16.54037 0.03597 0.15245
71.70591 45.20060 18.81586 0.02256 17.84683 0.02589 18.49527 0.03973 -1.00000 0.00000 160.01759 -0.04977 1.25151 0.78890 160.01761 -0.04975 -1.00000 16.50785 0.00814 16.00535 0.00880 15.81694 0.01888 0.13605
71.70473 45.18398 18.75385 0.02141 17.92232 0.02751 18.40067 0.03669 -1.00000 0.00000 160.02971 -0.06117 1.25148 0.78861 160.02972 -0.06115 -1.00000 16.62529 0.00896 16.08822 0.00947 15.90171 0.02040 0.11176
71.70332 45.16743 17.33639 0.00694 16.57664 0.01012 16.99625 0.01220 -1.00000 0.00000 160.04167 -0.07266 1.25146 0.78832 160.04169 -0.07264 -1.00000 15.44373 0.00378 15.01299 0.00389 14.83937 0.00821 0.14186
71.70310 45.18929 19.11318 0.02912 18.30269 0.03758 18.76645 0.05007 -1.00000 0.00000 160.02492 -0.05861 1.25146 0.78870 160.02494 -0.05858 -1.00000 16.97301 0.01184 16.42845 0.01273 16.26214 0.02806 0.13365
71.70291 45.20366 17.82058 0.01000 16.78215 0.01165 17.42461 0.01675 -1.00000 0.00000 160.01389 -0.04940 1.25145 0.78895 160.01391 -0.04937 -1.00000 15.24685 0.00330 14.61943 0.00285 14.37401 0.00559 0.13862
71.70247 45.20200 19.60457 0.04478 18.63697 0.04983 19.15017 0.06986 -1.00000 0.00000 160.01495 -0.05071 1.25145 0.78892 160.01497 -0.05068 -1.00000 17.32818 0.01585 16.77375 0.01724 16.48897 0.03431 0.15213
71.70200 45.19293 19.68973 0.04829 18.51161 0.04480 19.30901 0.08033 -1.00000 0.00000 160.02165 -0.05684 1.25144 0.78877 160.02166 -0.05684 -1.00000 16.82546 0.01050 16.13861 0.00989 15.87140 0.01983 0.08506
71.70172 45.18998 19.42862 0.03835 18.50335 0.04448 19.00812 0.06171 -1.00000 0.00000 160.02377 -0.05890 1.25143 0.78871 160.02378 -0.05889 -1.00000 17.21582 0.01447 16.74448 0.01683 16.59989 0.03798 0.09561
71.70161 45.18551 17.85149 0.01024 17.07058 0.01430 17.61428 0.01939 -1.00000 0.00000 160.02712 -0.06186 1.25143 0.78864 160.02714 -0.06184 -1.00000 15.93700 0.00532 15.55975 0.00605 15.38519 0.01300 0.13168
71.69907 45.17291 16.55900 0.00406 15.78322 0.00612 16.27861 0.00748 -1.00000 0.00000 160.03555 -0.07138 1.25139 0.78842 160.03557 -0.07136 -1.00000 14.65663 0.00230 14.29569 0.00225 14.11305 0.00458 0.12475
71.69894 45.19387 18.75936 0.02151 17.75621 0.02409 18.29467 0.03358 -1.00000 0.00000 160.01954 -0.05787 1.25138 0.78878 160.01955 -0.05785 -1.00000 16.21631 0.00653 15.54391 0.00597 15.30413 0.01211 0.11317
71.69742 45.15609 18.69051 0.02029 17.93201 0.02773 18.41708 0.03720 -1.00000 0.00000 160.04761 -0.08318 1.25136 0.78812 160.04763 -0.08316 -1.00000 16.75793 0.01001 16.35911 0.01205 16.19053 0.02649 0.14564
71.69700 45.16862 16.30866 0.00346 15.11557 0.00418 15.71086 0.00528 -1.00000 0.00000 160.03788 -0.07528 1.25135 0.78834 160.03791 -0.07526 -1.00000 13.66149 0.00132 12.97374 0.00095 12.73632 0.00174 0.17740
71.69713 45.20187 19.95165 0.06097 19.05196 0.07130 19.78497 0.12263 -1.00000 0.00000 160.01262 -0.05366 1.25135 0.78892 160.01263 -0.05364 -1.00000 17.53681 0.01893 16.94381 0.02009 16.69145 0.04116 0.09812
71.69575 45.15795 17.75629 0.00951 17.01234 0.01371 17.43136 0.01684 -1.00000 0.00000 160.04543 -0.08286 1.25133 0.78815 160.04545 -0.08284 -1.00000 15.93403 0.00533 15.49505 0.00576 15.34126 0.01258 0.13767
71.69641 45.17918 15.65275 0.00234 15.09153 0.00413 15.49625 0.00466 -1.00000 0.00000 160.02956 -0.06876 1.25134 0.78853 160.02958 -0.06873 -1.00000 14.24892 0.00182 14.03346 0.00187 13.88335 0.00384 0.14651
71.69541 45.18999 18.88962 0.02403 17.96209 0.02841 18.60276 0.04352 -1.00000 0.00000 160.02087 -0.06228 1.25132 0.78871 160.02090 -0.06226 -1.00000 16.71116 0.00959 16.22088 0.01064 16.01139 0.02246 0.14539
71.69491 45.19509 17.13565 0.00600 16.35609 0.00874 16.82706 0.01082 -1.00000 0.00000 160.01676 -0.05924 1.25131 0.78880 160.01677 -0.05922 -1.00000 15.25796 0.00333 14.88076 0.00349 14.71876 0.00740 0.12828
71.69166 45.16910 19.83552 0.05497 18.97157 0.06648 19.48079 0.09351 -1.00000 0.00000 160.03507 -0.07784 1.25126 0.78835 160.03509 -0.07781 -1.00000 17.60596 0.02024 17.07784 0.02277 16.92274 0.05104 0.14878
71.68955 45.19508 18.18388 0.01334 17.12469 0.01488 17.72245 0.02110 -1.00000 0.00000 160.01432 -0.06213 1.25122 0.78880 160.01433 -0.06211 -1.00000 15.43574 0.00375 14.75819 0.00318 14.52158 0.00630 0.10106
71.68493 45.18948 18.02827 0.01178 17.16680 0.01534 17.63504 0.01970 -1.00000 0.00000 160.01648 -0.06824 1.25114 0.78871 160.01649 -0.06822 -1.00000 15.87159 0.00508 15.27128 0.00478 15.07723 0.00999 0.11485
71.68338 45.20188 17.68227 0.00899 16.87362 0.01242 17.37824 0.01617 -1.00000 0.00000 160.00632 -0.06103 1.25111 0.78892 160.00634 -0.06101 -1.00000 15.77691 0.00474 15.37534 0.00520 15.17333 0.01082 0.10609
71.68134 45.18464 18.05463 0.01203 17.33587 0.01740 17.86352 0.02361 -1.00000 0.00000 160.01852 -0.07330 1.25108 0.78862 160.01853 -0.07329 -1.00000 16.31590 0.00706 15.99548 0.00878 15.81840 0.01896 0.09562
71.68077 45.19579 17.45155 0.00755 16.61560 0.01039 17.12206 0.01336 -1.00000 0.00000 160.00977 -0.06638 1.25107 0.78882 160.00978 -0.06636 -1.00000 15.45761 0.00381 15.01545 0.00389 14.81838 0.00804 0.10040
71.67943 45.19764 19.82099 0.05426 18.96888 0.06633 19.41930 0.08855 -1.00000 0.00000 160.00775 -0.06590 1.25104 0.78885 160.00776 -0.06588 -1.00000 17.46101 0.01780 16.83128 0.01824 16.69253 0.04125 0.11544
71.67931 45.20096 17.68787 0.00903 16.82743 0.01202 17.30807 0.01534 -1.00000 0.00000 160.00517 -0.06381 1.25104 0.78891 160.00518 -0.06379 -1.00000 15.63021 0.00428 15.14462 0.00431 14.98304 0.00921 0.12287
71.67818 45.19848 18.91828 0.02462 18.02348 0.02986 18.52379 0.04070 -1.00000 0.00000 160.00654 -0.06603 1.25102 0.78886 160.00654 -0.06601 -1.00000 16.73577 0.00978 16.28800 0.01130 16.11722 0.02464 0.08522
71.67648 45.19878 19.40867 0.03768 18.40833 0.04106 19.13267 0.06880 -1.00000 0.00000 160.00554 -0.06674 1.25099 0.78887 160.00554 -0.06673 -2.00000 17.08817 0.01302 16.63548 0.01533 16.45206 0.03322 0.07000
71.67412 45.19636 17.14286 0.00603 16.32980 0.00859 16.78925 0.01054 -1.00000 0.00000 160.00630 -0.06958 1.25095 0.78883 160.00631 -0.06955 -1.00000 15.19137 0.00320 14.73943 0.00314 14.57008 0.00656 0.10507
71.67115 45.18095 19.31214 0.03463 18.59977 0.04828 19.27744 0.07813 -1.00000 0.00000 160.01668 -0.08116 1.25090 0.78856 160.01667 -0.08116 -1.00000 17.49511 0.01840 17.14070 0.02414 16.88646 0.04928 0.03386
71.66941 45.18860 18.53380 0.01779 17.73179 0.02363 18.25374 0.03245 -1.00000 0.00000 160.01005 -0.07714 1.25087 0.78869 160.01004 -0.07711 -1.00000 16.59150 0.00875 16.21979 0.01067 15.99486 0.02214 0.09671
71.66818 45.19652 19.34326 0.03558 18.58011 0.04748 19.14740 0.06969 -1.00000 0.00000 160.00346 -0.07266 1.25085 0.78883 160.00347 -0.07265 -1.00000 17.38225 0.01667 17.09071 0.02303 16.90416 0.04995 0.07792
71.66308 45.19078 18.70729 0.02058 17.85398 0.02604 18.35855 0.03542 -1.00000 0.00000 160.00550 -0.07912 1.25076 0.78873 160.00551 -0.07911 -1.00000 16.63432 0.00905 16.13908 0.00996 15.93840 0.02106 0.08351
71.65751 45.19039 17.06618 0.00571 16.25122 0.00817 16.71237 0.00999 -1.00000 0.00000 160.00325 -0.08236 1.25066 0.78872 160.00325 -0.08235 -1.00000 15.10646 0.00303 14.67734 0.00300 14.49952 0.00620 0.06548
71.77249 45.21124 18.73365 0.02074 17.72523 0.02385 18.30703 0.03319 -1.00000 0.00000 160.03986 -0.00714 1.25267 0.78908 160.03990 -0.00716 -1.00000 16.30032 0.00690 15.60155 0.00618 15.33277 0.01236 0.16564
71.77227 45.21712 18.08864 0.01220 17.17117 0.01561 17.70012 0.02032 -1.00000 0.00000 160.03529 -0.00345 1.25266 0.78919 160.03530 -0.00346 -1.00000 15.88475 0.00508 15.39658 0.00521 15.19502 0.01098 0.08195
71.76111 45.21268 19.99399 0.06234 18.88275 0.06252 19.62008 0.10335 -1.00000 0.00000 160.03357 -0.01231 1.25247 0.78911 160.03360 -0.01234 -1.00000 17.63063 0.02036 17.06751 0.02214 16.92282 0.05058 0.13911
71.75868 45.21944 18.80089 0.02196 17.79203 0.02515 18.43956 0.03708 -1.00000 0.00000 160.02732 -0.00925 1.25243 0.78923 160.02732 -0.00926 -1.00000 16.44314 0.00769 15.87714 0.00780 15.67975 0.01669 0.07649
71.75664 45.21190 18.91347 0.02417 18.04067 0.03073 18.60587 0.04267 -1.00000 0.00000 160.03213 -0.01522 1.25239 0.78910 160.03216 -0.01525 -1.00000 16.72028 0.00957 16.22377 0.01052 16.05288 0.02319 0.15147
71.75337 45.20944 19.82230 0.05349 18.12887 0.03304 18.96734 0.05820 -1.00000 0.00000 160.03251 -0.01857 1.25233 0.78905 160.03256 -0.01860 -1.00000 16.22321 0.00652 15.54632 0.00591 15.21508 0.01118 0.22179
71.75244 45.21126 18.17176 0.01304 17.33965 0.01770 17.82909 0.02249 -1.00000 0.00000 160.03070 -0.01789 1.25232 0.78908 160.03073 -0.01791 -1.00000 16.06561 0.00579 15.66740 0.00654 15.50460 0.01433 0.13587
71.75054 45.22477 18.06179 0.01194 17.22821 0.01628 17.72877 0.02078 -1.00000 0.00000 160.01955 -0.01017 1.25228 0.78932 160.01955 -0.01018 -1.00000 15.85596 0.00497 15.35255 0.00504 15.13582 0.01044 0.04294
71.74695 45.23481 19.64953 0.04589 18.54768 0.04690 19.21116 0.07200 -1.00000 0.00000 160.01026 -0.00559 1.25222 0.78950 160.01026 -0.00561 -1.00000 17.07727 0.01277 16.45876 0.01292 16.19326 0.02626 0.07813
71.74240 45.21318 19.58672 0.04341 18.51666 0.04568 19.15141 0.06833 -1.00000 0.00000 160.02466 -0.02204 1.25214 0.78912 160.02467 -0.02206 -1.00000 17.15591 0.01366 16.65225 0.01535 16.36755 0.03069 0.10873
71.74219 45.20921 16.46498 0.00378 15.68082 0.00582 16.08678 0.00653 -1.00000 0.00000 160.02759 -0.02472 1.25214 0.78905 160.02763 -0.02474 -1.00000 14.48337 0.00206 13.96248 0.00176 13.79953 0.00359 0.18815
71.74104 45.21219 18.63731 0.01913 17.71377 0.02364 18.21094 0.03065 -1.00000 0.00000 160.02479 -0.02341 1.25212 0.78910 160.02482 -0.02342 -1.00000 16.39926 0.00745 15.86442 0.00774 15.66379 0.01647 0.12519
71.73725 45.23500 19.38398 0.03632 18.20248 0.03511 18.94080 0.05688 -1.00000 0.00000 160.00568 -0.01066 1.25205 0.78950 160.00569 -0.01068 -1.00000 16.49614 0.00802 15.79689 0.00731 15.52562 0.01459 0.05557
71.73588 45.22864 18.50343 0.01710 17.51383 0.02022 17.97349 0.02525 -1.00000 0.00000 160.00991 -0.01552 1.25203 0.78939 160.00991 -0.01553 -1.00000 16.10265 0.00596 15.38565 0.00519 15.15502 0.01062 0.04515
71.73494 45.22174 19.28342 0.03327 18.41835 0.04204 19.07113 0.06370 -1.00000 0.00000 160.01474 -0.02049 1.25201 0.78927 160.01473 -0.02050 -1.00000 17.00258 0.01204 16.50053 0.01344 16.28204 0.02843 0.03677
71.73455 45.21209 18.39382 0.01562 17.52416 0.02038 18.03853 0.02662 -1.00000 0.00000 160.02191 -0.02696 1.25200 0.78910 160.02192 -0.02697 -2.00000 16.28717 0.00685 15.82025 0.00746 15.62637 0.01594 0.07308
71.73279 45.22968 15.88632 0.00266 14.72581 0.00343 15.41709 0.00440 -1.00000 0.00000 160.00771 -0.01651 1.25197 0.78941 160.00771 -0.01652 -1.00000 12.80044 0.00085 12.04913 0.00056 11.76087 0.00098 0.04593
71.72856 45.21757 15.29108 0.00190 14.54613 0.00313 14.92033 0.00335 -1.00000 0.00000 160.01500 -0.02662 1.25190 0.78920 160.01501 -0.02664 -1.00000 13.45656 0.00118 12.97627 0.00094 12.80885 0.00181 0.08421
71.72834 45.22965 18.32147 0.01472 17.42026 0.01882 17.95053 0.02479 -1.00000 0.00000 160.00570 -0.01892 1.25190 0.78941 160.00570 -0.01892 -1.00000 16.19833 0.00640 15.73345 0.00694 15.53767 0.01475 0.01963
71.72630 45.22860 18.71313 0.02039 17.79404 0.02519 18.31460 0.03340 -1.00000 0.00000 160.00557 -0.02069 1.25186 0.78939 160.00557 -0.02070 -1.00000 16.51258 0.00814 16.02268 0.00888 15.77558 0.01815 0.03239
71.72457 45.22896 16.96153 0.00526 16.18444 0.00792 16.67115 0.00955 -1.00000 0.00000 160.00450 -0.02138 1.25183 0.78939 160.00450 -0.02139 -1.00000 15.12201 0.00304 14.76354 0.00317 14.59389 0.00666 0.03988
71.72241 45.23040 19.13804 0.02932 18.09338 0.03209 18.67165 0.04513 -1.00000 0.00000 160.00242 -0.02161 1.25179 0.78942 160.00241 -0.02162 -1.00000 16.66999 0.00921 16.10360 0.00952 15.89537 0.02017 0.03687
71.71943 45.21771 18.83705 0.02264 17.95792 0.02873 18.53709 0.04025 -1.00000 0.00000 160.01073 -0.03143 1.25174 0.78920 160.01073 -0.03145 -1.00000 16.57784 0.00857 16.12893 0.00975 15.92523 0.02071 0.06614
71.71796 45.21506 19.43218 0.03789 18.40333 0.04151 19.03333 0.06164 -1.00000 0.00000 160.01207 -0.03393 1.25171 0.78915 160.01209 -0.03395 -1.00000 16.76756 0.00996 16.09385 0.00946 15.79580 0.01849 0.09830
71.71738 45.21137 19.60274 0.04403 18.55692 0.04727 19.11747 0.06633 -1.00000 0.00000 160.01462 -0.03664 1.25170 0.78909 160.01465 -0.03667 -1.00000 17.04628 0.01250 16.43195 0.01270 16.20251 0.02650 0.18032
71.70334 45.22124 17.73077 0.00921 16.89902 0.01281 17.42834 0.01647 -1.00000 0.00000 160.00069 -0.03778 1.25146 0.78926 160.00069 -0.03779 -1.00000 15.71919 0.00453 15.28262 0.00479 15.13093 0.01041 0.05485
71.69657 45.21044 19.06952 0.02763 18.16449 0.03402 18.74818 0.04818 -1.00000 0.00000 160.00583 -0.04841 1.25134 0.78907 160.00584 -0.04843 -1.00000 16.82319 0.01044 16.31283 0.01149 16.09950 0.02420 0.12340
71.69073 45.21264 19.93995 0.05940 19.21411 0.08348 19.67469 0.10850 -1.00000 0.00000 160.00149 -0.05011 1.25124 0.78911 160.00150 -0.05013 -1.00000 17.61258 0.02016 17.06654 0.02241 16.99452 0.05405 0.09575
71.68871 45.21222 15.53064 0.00217 14.81039 0.00359 15.17943 0.00385 -1.00000 0.00000 160.00088 -0.05147 1.25120 0.78910 160.00090 -0.05150 -1.00000 13.75650 0.00138 13.31159 0.00116 13.17663 0.00231 0.11912
71.77385 45.17194 19.10280 0.01860 18.23605 0.03206 18.74645 0.04087 -1.00000 0.00000 160.07044 -0.03185 1.25269 0.78840 160.07043 -0.03187 -1.00000 16.84424 0.01063 16.35914 0.01187 16.14177 0.02523 0.05277
71.77250 45.20839 18.87100 0.01567 17.98861 0.02650 18.45231 0.03243 -1.00000 0.00000 160.04204 -0.00898 1.25267 0.78904 160.04203 -0.00899 -1.00000 16.50738 0.00809 15.89608 0.00792 15.71941 0.01728 0.02041
71.77102 45.18749 19.55787 0.02645 18.63934 0.04423 19.06614 0.05299 -1.00000 0.00000 160.05730 -0.02330 1.25264 0.78867 160.05729 -0.02332 -1.00000 17.12672 0.01337 16.55674 0.01409 16.38832 0.03135 0.05276
71.77102 45.18404 19.73855 0.03058 18.81154 0.05094 19.42621 0.07158 -1.00000 0.00000 160.05992 -0.02553 1.25264 0.78861 160.05991 -0.02556 -1.00000 17.15428 0.01368 16.62578 0.01499 16.32724 0.02970 0.09446
71.77216 45.19691 14.97000 0.00171 14.33893 0.00303 14.58786 0.00319 -1.00000 0.00000 160.05063 -0.01659 1.25266 0.78883 160.05063 -0.01661 -1.00000 13.31296 0.00110 12.94358 0.00092 12.83801 0.00185 0.06228
71.77065 45.20245 19.99462 0.03771 19.17148 0.06888 19.78517 0.09734 -1.00000 0.00000 160.04573 -0.01382 1.25263 0.78893 160.04571 -0.01383 -2.00000 17.64423 0.02063 17.11788 0.02317 16.91000 0.05005 0.05688
71.76762 45.18325 16.45242 0.00356 15.32488 0.00498 15.93046 0.00632 -1.00000 0.00000 160.05897 -0.02787 1.25258 0.78860 160.05897 -0.02789 -1.00000 13.33912 0.00111 12.56002 0.00074 12.27119 0.00131 0.04118
71.76490 45.17055 18.64281 0.01330 17.83134 0.02355 18.29576 0.02877 -1.00000 0.00000 160.06742 -0.03756 1.25253 0.78837 160.06742 -0.03759 -1.00000 16.57150 0.00856 16.13119 0.00975 16.02379 0.02274 0.08245
71.76354 45.16305 19.37830 0.02297 17.91746 0.02512 18.60551 0.03655 -1.00000 0.00000 160.07251 -0.04314 1.25251 0.78824 160.07252 -0.04317 -1.00000 16.08617 0.00592 15.42499 0.00537 15.16732 0.01082 0.11733
71.76347 45.15774 17.45825 0.00620 16.76735 0.01134 17.13170 0.01275 -1.00000 0.00000 160.07652 -0.04662 1.25251 0.78815 160.07652 -0.04664 -1.00000 15.65033 0.00434 15.31334 0.00491 15.15415 0.01071 0.04702
71.75369 45.19249 16.41097 0.00349 15.27064 0.00484 15.90516 0.00623 -1.00000 0.00000 160.04558 -0.02938 1.25234 0.78876 160.04557 -0.02939 -1.00000 13.37378 0.00113 12.64993 0.00078 12.38850 0.00140 0.05573
71.75187 45.19453 14.44224 0.00133 13.87497 0.00242 14.11448 0.00254 -1.00000 0.00000 160.04319 -0.02903 1.25231 0.78879 160.04319 -0.02905 -1.00000 12.95037 0.00091 12.64330 0.00078 12.52072 0.00152 0.05586
71.75717 45.20695 18.89074 0.01497 17.91038 0.02240 18.48385 0.02613 -1.00000 0.00000 160.03614 -0.01814 1.25240 0.78901 160.03615 -0.01814 -1.00000 16.49349 0.00801 15.98327 0.00855 15.77862 0.01821 0.05721
71.73986 45.20719 16.23958 0.00297 15.21146 0.00430 15.78394 0.00510 -1.00000 0.00000 160.02807 -0.02728 1.25210 0.78901 160.02807 -0.02729 -1.00000 13.65531 0.00131 13.01362 0.00096 12.81428 0.00182 0.06306
71.74268 45.20649 19.59838 0.02581 18.40368 0.03266 18.97803 0.03798 -1.00000 0.00000 160.02988 -0.02622 1.25215 0.78900 160.02990 -0.02624 -1.00000 16.78795 0.01012 16.03281 0.00894 15.81354 0.01879 0.10683
71.73062 45.20607 17.38756 0.00556 16.25530 0.00757 16.93236 0.00949 -1.00000 0.00000 160.02470 -0.03297 1.25194 0.78899 160.02471 -0.03297 -1.00000 14.54748 0.00214 13.86100 0.00165 13.61781 0.00315 0.04658
71.72457 45.20537 19.41967 0.02239 18.40980 0.03282 18.98804 0.03827 -1.00000 0.00000 160.02247 -0.03667 1.25183 0.78898 160.02247 -0.03667 -1.00000 17.07389 0.01280 16.66158 0.01554 16.43687 0.03270 0.01576
71.75767 45.20494 16.70180 0.00379 15.95097 0.00637 16.42980 0.00716 -1.00000 0.00000 160.03791 -0.01917 1.25241 0.78897 160.03792 -0.01918 -1.00000 14.87403 0.00260 14.54866 0.00268 14.36613 0.00555 0.08345
71.74485 45.20365 19.44317 0.02281 18.41978 0.03308 18.95771 0.03738 -1.00000 0.00000 160.03304 -0.02689 1.25218 0.78895 160.03305 -0.02690 -1.00000 16.87101 0.01083 16.25337 0.01082 15.99750 0.02210 0.05617
71.75715 45.20331 19.42893 0.02256 18.46514 0.03428 18.95692 0.03736 -1.00000 0.00000 160.03891 -0.02051 1.25240 0.78895 160.03892 -0.02051 -1.00000 17.06133 0.01264 16.52874 0.01374 16.30643 0.02908 0.08288
71.75862 45.20155 19.62420 0.02635 18.74992 0.04311 19.34111 0.05070 -1.00000 0.00000 160.04093 -0.02086 1.25242 0.78892 160.04094 -0.02087 -1.00000 17.60624 0.01998 17.24146 0.02592 17.09323 0.05910 0.07412
71.72791 45.20118 19.71942 0.02845 18.80416 0.04506 19.30795 0.04936 -1.00000 0.00000 160.02719 -0.03759 1.25189 0.78891 160.02720 -0.03759 -1.00000 17.41498 0.01702 16.84451 0.01828 16.65664 0.03985 0.04393
71.75437 45.20066 19.24586 0.01956 18.23334 0.02860 18.72069 0.03116 -1.00000 0.00000 160.03966 -0.02372 1.25235 0.78890 160.03967 -0.02371 -1.00000 16.70358 0.00946 16.06885 0.00921 15.85193 0.01944 0.07130
71.73714 45.20046 19.57484 0.02533 18.63619 0.03931 19.19450 0.04506 -1.00000 0.00000 160.03195 -0.03310 1.25205 0.78890 160.03196 -0.03310 -1.00000 17.32319 0.01575 16.80985 0.01770 16.69145 0.04112 0.06774
71.76067 45.19920 17.21804 0.00504 16.44519 0.00845 16.92206 0.00943 -1.00000 0.00000 160.04365 -0.02128 1.25246 0.78887 160.04366 -0.02128 -1.00000 15.32284 0.00346 14.97285 0.00371 14.81852 0.00802 0.06421
71.74216 45.19902 18.12079 0.00876 17.28243 0.01436 17.86129 0.01690 -1.00000 0.00000 160.03534 -0.03134 1.25214 0.78887 160.03535 -0.03135 -1.00000 16.00736 0.00557 15.63632 0.00639 15.43218 0.01348 0.05557
71.73414 45.19851 19.28061 0.02009 18.36027 0.03156 18.86968 0.03492 -1.00000 0.00000 160.03206 -0.03597 1.25200 0.78886 160.03208 -0.03598 -1.00000 16.97076 0.01176 16.49511 0.01341 16.26661 0.02809 0.09267
71.73124 45.19841 18.87530 0.01480 17.90673 0.02234 18.43485 0.02521 -1.00000 0.00000 160.03082 -0.03760 1.25195 0.78886 160.03083 -0.03760 -1.00000 16.51075 0.00815 15.94113 0.00829 15.74410 0.01769 0.04188
71.75604 45.19570 18.98927 0.01610 18.09042 0.02563 18.65212 0.02959 -1.00000 0.00000 160.04420 -0.02603 1.25238 0.78881 160.04421 -0.02604 -1.00000 16.72448 0.00963 16.31677 0.01142 16.08352 0.02387 0.06950
71.73838 45.19243 17.67019 0.00659 16.95579 0.01158 17.45561 0.01300 -1.00000 0.00000 160.03863 -0.03763 1.25207 0.78876 160.03864 -0.03764 -1.00000 15.89131 0.00513 15.58971 0.00616 15.43641 0.01355 0.03869
71.72886 45.18928 19.09661 0.01745 18.11682 0.02615 18.72411 0.03124 -1.00000 0.00000 160.03669 -0.04478 1.25190 0.78870 160.03669 -0.04480 -1.00000 16.71268 0.00957 16.23323 0.01069 16.04030 0.02301 0.06315
71.74714 45.18917 18.11837 0.00875 17.26164 0.01416 17.69359 0.01513 -1.00000 0.00000 160.04512 -0.03504 1.25222 0.78870 160.04513 -0.03504 -1.00000 15.97991 0.00546 15.34613 0.00503 15.19489 0.01102 0.07154
71.73032 45.18615 19.71281 0.02830 18.71070 0.04175 19.28213 0.04834 -1.00000 0.00000 160.03974 -0.04603 1.25193 0.78865 160.03975 -0.04604 -1.00000 17.25357 0.01490 16.78159 0.01731 16.58057 0.03730 0.07452
71.73368 45.18508 19.88012 0.03245 19.01644 0.05371 19.54221 0.05977 -1.00000 0.00000 160.04209 -0.04492 1.25199 0.78863 160.04208 -0.04493 -1.00000 17.57411 0.01954 17.15177 0.02408 17.09232 0.05924 0.01329
71.74340 45.18509 19.01260 0.01638 18.06568 0.02516 18.65608 0.02968 -1.00000 0.00000 160.04652 -0.03970 1.25216 0.78863 160.04653 -0.03971 -1.00000 16.66622 0.00922 16.18865 0.01026 15.99630 0.02214 0.07015
71.72863 45.18365 18.21151 0.00930 17.39042 0.01545 17.92913 0.01768 -1.00000 0.00000 160.04087 -0.04856 1.25190 0.78860 160.04088 -0.04857 -1.00000 16.13143 0.00612 15.74751 0.00705 15.55985 0.01511 0.05166
71.74656 45.18373 17.79225 0.00710 16.87317 0.01099 17.44083 0.01288 -1.00000 0.00000 160.04899 -0.03888 1.25221 0.78860 160.04900 -0.03888 -1.00000 15.55503 0.00405 15.09985 0.00412 14.93965 0.00889 0.05991
71.73448 45.18317 18.71434 0.01316 17.77799 0.02032 18.30441 0.02295 -1.00000 0.00000 160.04391 -0.04572 1.25200 0.78859 160.04391 -0.04574 -1.00000 16.52113 0.00824 16.03982 0.00904 15.85571 0.01957 0.05211
71.76000 45.18291 19.24608 0.01956 18.20330 0.02794 18.81496 0.03348 -1.00000 0.00000 160.05575 -0.03219 1.25245 0.78859 160.05576 -0.03220 -1.00000 16.78935 0.01016 16.16562 0.01003 15.92620 0.02081 0.06623
71.72339 45.18246 19.45307 0.02299 18.44101 0.03363 19.05600 0.04037 -1.00000 0.00000 160.03938 -0.05214 1.25181 0.78858 160.03939 -0.05215 -1.00000 17.08321 0.01295 16.53134 0.01390 16.42332 0.03243 0.05866
71.75166 45.17871 18.31010 0.00993 17.40802 0.01564 17.95018 0.01794 -1.00000 0.00000 160.05515 -0.03939 1.25230 0.78852 160.05516 -0.03940 -1.00000 16.10568 0.00600 15.69432 0.00672 15.43707 0.01358 0.04784
71.74431 45.17536 18.38538 0.01046 17.51924 0.01690 18.02422 0.01886 -1.00000 0.00000 160.05435 -0.04551 1.25217 0.78846 160.05436 -0.04551 -1.00000 16.31192 0.00701 15.87805 0.00786 15.64952 0.01635 0.06355
71.75843 45.17467 18.33012 0.01007 17.43255 0.01591 17.94921 0.01793 -1.00000 0.00000 160.06132 -0.03837 1.25242 0.78845 160.06133 -0.03837 -1.00000 16.17894 0.00634 15.70599 0.00678 15.51903 0.01459 0.09210
71.74762 45.17180 18.74810 0.01349 17.85386 0.02148 18.33550 0.02346 -1.00000 0.00000 160.05857 -0.04603 1.25223 0.78840 160.05857 -0.04604 -1.00000 16.61702 0.00889 16.16635 0.01007 16.02441 0.02275 0.04644
71.75468 45.17172 18.25109 0.00955 17.40618 0.01562 17.90647 0.01742 -1.00000 0.00000 160.06186 -0.04229 1.25236 0.78839 160.06187 -0.04230 -1.00000 16.14328 0.00618 15.68389 0.00666 15.52840 0.01472 0.06868
71.73710 45.17060 19.74173 0.02897 18.68778 0.04099 19.35904 0.05144 -1.00000 0.00000 160.05469 -0.05246 1.25205 0.78838 160.05469 -0.05248 -1.00000 17.21702 0.01449 16.57503 0.01443 16.40812 0.03205 0.07613
71.75889 45.16914 19.68841 0.02775 18.65468 0.03990 19.31592 0.04968 -1.00000 0.00000 160.06574 -0.04170 1.25243 0.78835 160.06576 -0.04171 -1.00000 17.14464 0.01362 16.50469 0.01352 16.28577 0.02872 0.07279
71.74969 45.16827 17.19540 0.00498 16.38516 0.00816 16.83571 0.00898 -1.00000 0.00000 160.06221 -0.04721 1.25227 0.78833 160.06222 -0.04721 -1.00000 15.18948 0.00319 14.74209 0.00312 14.59883 0.00673 0.08865
71.74312 45.16681 19.09324 0.01741 18.03983 0.02467 18.61043 0.02869 -1.00000 0.00000 160.06032 -0.05168 1.25215 0.78831 160.06033 -0.05169 -1.00000 16.63695 0.00904 15.92088 0.00817 15.70464 0.01719 0.05106
71.74636 45.16557 19.66567 0.02724 18.62979 0.03911 19.16928 0.04416 -1.00000 0.00000 160.06274 -0.05074 1.25221 0.78829 160.06274 -0.05075 1.00000 nan nan nan nan nan nan nan
71.72167 45.16319 18.93938 0.01551 17.97784 0.02355 18.46863 0.02584 -1.00000 0.00000 160.05328 -0.06555 1.25178 0.78825 160.05329 -0.06555 -1.00000 16.55766 0.00852 15.89209 0.00800 15.71848 0.01742 0.07406
71.71850 45.15966 19.24567 0.01956 18.34516 0.03119 18.89980 0.03574 -1.00000 0.00000 160.05453 -0.06954 1.25172 0.78818 160.05452 -0.06955 -1.00000 16.99736 0.01213 16.41268 0.01258 16.25022 0.02791 0.01962
71.73728 45.15949 15.47725 0.00203 14.75755 0.00342 15.13550 0.00369 -1.00000 0.00000 160.06323 -0.05956 1.25205 0.78818 160.06323 -0.05956 -1.00000 13.74853 0.00138 13.34424 0.00118 13.19132 0.00235 0.04859
71.74604 45.15613 19.27645 0.02003 18.30188 0.03016 18.85881 0.03462 -1.00000 0.00000 160.06979 -0.05703 1.25220 0.78812 160.06980 -0.05703 -1.00000 17.01122 0.01224 16.44966 0.01294 16.27634 0.02859 0.06667
71.75587 45.15639 17.51780 0.00601 16.67588 0.00972 17.17211 0.01093 -1.00000 0.00000 160.07408 -0.05158 1.25238 0.78813 160.07409 -0.05158 -1.00000 15.52749 0.00399 15.11064 0.00417 14.94628 0.00899 0.06323
71.72048 45.15467 18.98735 0.01608 18.09341 0.02569 18.60638 0.02860 -1.00000 0.00000 160.05923 -0.07171 1.25176 0.78810 160.05924 -0.07172 -1.00000 16.88339 0.01106 16.40412 0.01249 16.25816 0.02813 0.04852
71.74225 45.15400 18.57780 0.01195 17.62259 0.01817 18.10969 0.02001 -1.00000 0.00000 160.06968 -0.06044 1.25214 0.78809 160.06968 -0.06045 -1.00000 16.15944 0.00628 15.47495 0.00562 15.25359 0.01167 0.05052
71.72531 45.15316 19.86887 0.03215 18.92622 0.04983 19.43268 0.05462 -1.00000 0.00000 160.06258 -0.07009 1.25184 0.78807 160.06258 -0.07011 -1.00000 17.59687 0.02007 17.07219 0.02257 16.91813 0.05094 0.07310
71.74719 45.15211 19.34519 0.02112 18.45454 0.03400 19.04946 0.04016 -1.00000 0.00000 160.07338 -0.05902 1.25222 0.78805 160.07339 -0.05904 -1.00000 17.20669 0.01440 16.70814 0.01626 16.56718 0.03713 0.08589
71.74000 45.15138 15.94614 0.00256 15.25471 0.00439 15.60101 0.00465 -1.00000 0.00000 160.07065 -0.06335 1.25210 0.78804 160.07066 -0.06336 -1.00000 14.29279 0.00186 13.91232 0.00171 13.79149 0.00360 0.07728
71.75445 45.15100 18.29883 0.00986 17.45137 0.01612 17.96529 0.01812 -1.00000 0.00000 160.07754 -0.05584 1.25235 0.78803 160.07754 -0.05585 -1.00000 16.27877 0.00686 15.83290 0.00759 15.70024 0.01719 0.06494
71.71896 45.15071 19.75098 0.02919 18.88779 0.04827 19.28363 0.04840 -1.00000 0.00000 160.06154 -0.07509 1.25173 0.78803 160.06154 -0.07511 -1.00000 17.51638 0.01875 16.98237 0.02086 16.86091 0.04839 0.05599
71.73506 45.15012 19.82019 0.03089 18.90175 0.04883 19.39163 0.05282 -1.00000 0.00000 160.06936 -0.06682 1.25201 0.78802 160.06935 -0.06684 -1.00000 17.46949 0.01799 16.99376 0.02101 16.77443 0.04476 0.07224
71.73054 45.14989 18.92062 0.01530 18.06704 0.02518 18.53622 0.02715 -1.00000 0.00000 160.06747 -0.06940 1.25193 0.78801 160.06747 -0.06941 -1.00000 16.84556 0.01072 16.37234 0.01213 16.20594 0.02687 0.06453
71.71497 45.14864 19.02230 0.01650 18.13833 0.02658 18.71290 0.03098 -1.00000 0.00000 160.06130 -0.07858 1.25166 0.78799 160.06131 -0.07858 -1.00000 17.00847 0.01226 16.63670 0.01535 16.43961 0.03312 0.03628
71.73284 45.14626 18.15517 0.00896 17.35717 0.01510 17.80384 0.01627 -1.00000 0.00000 160.07128 -0.07052 1.25197 0.78795 160.07129 -0.07053 -1.00000 16.20956 0.00652 15.76784 0.00721 15.61892 0.01602 0.06788
71.75495 45.14605 18.77640 0.01377 17.85522 0.02150 18.30684 0.02299 -1.00000 0.00000 160.08154 -0.05877 1.25236 0.78795 160.08155 -0.05878 -1.00000 16.43579 0.00774 15.81939 0.00750 15.60666 0.01585 0.07182
71.73879 45.14570 19.34956 0.02120 18.30804 0.03030 18.91397 0.03613 -1.00000 0.00000 160.07442 -0.06768 1.25208 0.78794 160.07443 -0.06769 -1.00000 16.95927 0.01175 16.39246 0.01234 16.14859 0.02555 0.05000
71.75499 45.14431 18.86392 0.01467 17.94076 0.02291 18.48120 0.02607 -1.00000 0.00000 160.08288 -0.05987 1.25236 0.78792 160.08289 -0.05988 -1.00000 16.61612 0.00891 16.12804 0.00978 15.92452 0.02096 0.04740
71.72229 45.14390 15.70098 0.00227 14.56042 0.00310 15.22769 0.00386 -1.00000 0.00000 160.06826 -0.07771 1.25179 0.78791 160.06825 -0.07773 -1.00000 12.76411 0.00084 12.04785 0.00057 11.78842 0.00100 0.04107
71.74000 45.14336 17.73479 0.00685 16.90280 0.01120 17.35335 0.01220 -1.00000 0.00000 160.07676 -0.06855 1.25210 0.78790 160.07677 -0.06856 -1.00000 15.75577 0.00469 15.34742 0.00507 15.18886 0.01106 0.06394
71.72147 45.13958 19.36259 0.02141 18.38839 0.03227 18.98704 0.03824 -1.00000 0.00000 160.07117 -0.08095 1.25178 0.78783 160.07117 -0.08097 -1.00000 17.07302 0.01293 16.61935 0.01512 16.40855 0.03225 0.05612
71.71897 45.13943 18.38446 0.01045 17.58295 0.01767 18.06364 0.01938 -1.00000 0.00000 160.07015 -0.08240 1.25173 0.78783 160.07014 -0.08241 -1.00000 16.45032 0.00785 16.05549 0.00924 15.88172 0.02019 0.05430
71.73329 45.13400 19.27642 0.02002 18.34345 0.03115 18.86318 0.03474 -1.00000 0.00000 160.08083 -0.07822 1.25198 0.78774 160.08084 -0.07823 -1.00000 17.09944 0.01320 16.59370 0.01476 16.44861 0.03347 0.06620
71.73345 45.13155 18.75816 0.01359 17.86449 0.02165 18.35380 0.02377 -1.00000 0.00000 160.08277 -0.07972 1.25198 0.78769 160.08277 -0.07973 -1.00000 16.52154 0.00829 16.04063 0.00912 15.86859 0.01998 0.04372
71.81472 45.18536 19.27417 0.01972 18.31770 0.03029 18.91460 0.03922 -1.00000 0.00000 160.07886 -0.00120 1.25340 0.78863 160.07887 -0.00120 -1.00000 16.91044 0.01124 16.34550 0.01174 16.13717 0.02519 0.07050
71.81127 45.17964 17.74064 0.00686 16.77353 0.01028 17.30110 0.01236 -1.00000 0.00000 160.08164 -0.00676 1.25334 0.78853 160.08166 -0.00676 -1.00000 15.35412 0.00355 14.76960 0.00318 14.57303 0.00660 0.11094
71.80982 45.18676 18.71684 0.01306 17.67023 0.01868 18.15617 0.02205 -1.00000 0.00000 160.07555 -0.00293 1.25332 0.78866 160.07556 -0.00294 -1.00000 16.20827 0.00648 15.49315 0.00567 15.27777 0.01187 0.07057
71.80856 45.17730 18.15876 0.00893 17.30157 0.01447 17.82796 0.01750 -1.00000 0.00000 160.08219 -0.00973 1.25330 0.78849 160.08218 -0.00974 -1.00000 15.97653 0.00547 15.53579 0.00588 15.35604 0.01272 0.03834
71.80508 45.18824 17.93830 0.00775 17.09765 0.01264 17.55869 0.01460 -1.00000 0.00000 160.07227 -0.00452 1.25324 0.78868 160.07228 -0.00452 -1.00000 15.82813 0.00491 15.36125 0.00508 15.20835 0.01117 0.06497
71.80262 45.18416 18.81041 0.01397 17.90602 0.02217 18.40673 0.02650 -1.00000 0.00000 160.07425 -0.00848 1.25319 0.78861 160.07425 -0.00848 -1.00000 16.51625 0.00820 16.01228 0.00878 15.83908 0.01931 0.04805
71.79828 45.18879 18.90046 0.01491 17.94385 0.02280 18.49730 0.02837 -1.00000 0.00000 160.06874 -0.00782 1.25312 0.78869 160.06876 -0.00782 -1.00000 16.54513 0.00837 16.06147 0.00915 15.83148 0.01915 0.07842
71.79835 45.19046 18.88255 0.01472 18.00577 0.02388 18.48419 0.02809 -1.00000 0.00000 160.06750 -0.00670 1.25312 0.78872 160.06751 -0.00670 -1.00000 16.69203 0.00940 16.24936 0.01076 16.10391 0.02436 0.06595
71.79823 45.18207 17.73790 0.00685 16.92809 0.01133 17.38301 0.01302 -1.00000 0.00000 160.07384 -0.01219 1.25312 0.78858 160.07385 -0.01219 -1.00000 15.72949 0.00457 15.33220 0.00496 15.16824 0.01080 0.08146
71.78967 45.19322 19.23818 0.01919 18.24592 0.02866 18.72054 0.03367 -1.00000 0.00000 160.06143 -0.00958 1.25297 0.78877 160.06144 -0.00957 -1.00000 16.70411 0.00947 16.03074 0.00890 15.84579 0.01935 0.06493
71.78820 45.17632 17.39217 0.00557 16.53597 0.00889 17.01424 0.01035 -1.00000 0.00000 160.07365 -0.02130 1.25294 0.78848 160.07366 -0.02130 -1.00000 15.27337 0.00336 14.84122 0.00335 14.65628 0.00704 0.07241
71.78774 45.18881 18.44332 0.01080 17.40861 0.01556 17.87656 0.01809 -1.00000 0.00000 160.06392 -0.01347 1.25293 0.78869 160.06393 -0.01346 -1.00000 15.96118 0.00538 15.26332 0.00468 15.05313 0.00977 0.07620
71.78715 45.17980 19.21764 0.01889 18.32269 0.03041 18.90193 0.03882 -1.00000 0.00000 160.07052 -0.01962 1.25292 0.78854 160.07052 -0.01962 -1.00000 17.03342 0.01238 16.63042 0.01504 16.49354 0.03450 0.05721
71.78583 45.20846 18.15051 0.00888 17.25960 0.01406 17.75096 0.01660 -1.00000 0.00000 160.04807 -0.00178 1.25290 0.78904 160.04807 -0.00177 -1.00000 15.97404 0.00542 15.53194 0.00582 15.33844 0.01242 0.05360
71.78445 45.17231 18.60078 0.01204 17.71256 0.01926 18.20985 0.02292 -1.00000 0.00000 160.07499 -0.02591 1.25288 0.78841 160.07500 -0.02590 -1.00000 16.38291 0.00739 15.86667 0.00775 15.66202 0.01653 0.07489
71.78419 45.17708 19.57112 0.02487 18.58075 0.03728 19.14907 0.04735 -1.00000 0.00000 160.07124 -0.02297 1.25287 0.78849 160.07124 -0.02297 -1.00000 17.20824 0.01431 16.70760 0.01611 16.59664 0.03786 0.05060
71.78390 45.17555 18.43638 0.01075 17.54030 0.01705 18.10960 0.02132 -1.00000 0.00000 160.07227 -0.02412 1.25287 0.78846 160.07228 -0.02411 -1.00000 16.09135 0.00593 15.63825 0.00639 15.41183 0.01329 0.06895
71.78403 45.20257 19.54168 0.02429 18.53959 0.03608 19.04157 0.04341 -1.00000 0.00000 160.05174 -0.00655 1.25287 0.78893 160.05174 -0.00655 -2.00000 17.11540 0.01320 16.49299 0.01328 16.24031 0.02741 0.06327
71.78165 45.20836 18.90154 0.01492 17.94751 0.02286 18.45823 0.02755 -1.00000 0.00000 160.04624 -0.00408 1.25283 0.78903 160.04624 -0.00408 -1.00000 16.55013 0.00837 15.94369 0.00824 15.77110 0.01808 0.03867
71.77770 45.17224 18.27294 0.00963 17.35165 0.01497 17.80047 0.01717 -1.00000 0.00000 160.07196 -0.02959 1.25276 0.78840 160.07198 -0.02958 -1.00000 16.01435 0.00561 15.33786 0.00499 15.13964 0.01054 0.09973
71.77757 45.18124 18.39174 0.01043 17.53280 0.01696 18.01964 0.02000 -1.00000 0.00000 160.06505 -0.02383 1.25276 0.78856 160.06506 -0.02382 -1.00000 16.32911 0.00708 15.87857 0.00783 15.68126 0.01678 0.07974
71.77474 45.18215 18.81861 0.01405 17.85519 0.02136 18.37546 0.02589 -1.00000 0.00000 160.06306 -0.02476 1.25271 0.78858 160.06306 -0.02475 -1.00000 16.38909 0.00742 15.87729 0.00782 15.69533 0.01698 0.06975
71.77512 45.19534 15.95751 0.00259 15.17482 0.00421 15.62027 0.00479 -1.00000 0.00000 160.05318 -0.01602 1.25271 0.78881 160.05320 -0.01602 -1.00000 13.99424 0.00157 13.61218 0.00139 13.44712 0.00279 0.07424
