# ra_1	dec_1	r	rErr	i	iErr	ha	haErr	mergedClass_1	errBits	l	b	RA_2	DEC_2	L	B	MERGEDCLASS_2	J	JERR	H	HERR	K	KERR	Separation
71.96490 44.94422 19.80324 0.02906 18.88546 0.04887 19.42601 0.05837 -1.00000 0.00000 160.33142 -0.07610 1.25602 0.78442 160.33141 -0.07611 -1.00000 17.47415 0.02109 16.93103 0.02127 16.80308 0.05266 0.02053
71.95677 44.94739 15.42427 0.00198 14.44404 0.00299 14.95107 0.00349 -1.00000 0.00000 160.32528 -0.07844 1.25588 0.78448 160.32527 -0.07845 -1.00000 12.80294 0.00091 12.10766 0.00059 11.88858 0.00113 0.01731
71.95546 44.94906 17.83565 0.00715 17.05881 0.01260 17.44430 0.01358 -1.00000 0.00000 160.32341 -0.07808 1.25586 0.78451 160.32340 -0.07808 -1.00000 15.88221 0.00579 15.41878 0.00569 15.25341 0.01324 0.01788
72.00409 45.02562 15.00528 0.00161 14.63527 0.00325 14.82463 0.00329 -1.00000 0.00000 160.28713 -0.00239 1.25671 0.78585 160.28711 -0.00239 -1.00000 14.03634 0.00173 13.89408 0.00175 14.33313 0.00613 0.03820
71.99449 45.01986 16.46066 0.00330 15.71528 0.00565 16.06522 0.00618 -1.00000 0.00000 160.28715 -0.01129 1.25654 0.78574 160.28715 -0.01129 -1.00000 14.58856 0.00239 14.10388 0.00203 13.92586 0.00443 0.02252
71.99272 45.01928 18.99980 0.01579 18.09622 0.02603 18.49154 0.02919 -1.00000 0.00000 160.28679 -0.01262 1.25651 0.78573 160.28679 -0.01263 1.00000 nan nan nan nan nan nan nan
71.99003 45.03681 14.48253 0.00125 14.00470 0.00239 14.26233 0.00251 -1.00000 0.00000 160.27217 -0.00276 1.25646 0.78604 160.27215 -0.00275 -1.00000 13.21691 0.00112 12.97082 0.00096 12.86696 0.00207 0.04332
71.98034 45.04176 18.58366 0.01171 17.73093 0.01985 18.11210 0.02203 -1.00000 0.00000 160.26397 -0.00480 1.25629 0.78613 160.26395 -0.00479 -1.00000 16.43405 0.00879 15.86911 0.00836 15.69524 0.01953 0.07242
71.97386 44.98741 17.03780 0.00450 16.27942 0.00775 16.60269 0.00833 -1.00000 0.00000 160.30252 -0.04337 1.25618 0.78518 160.30252 -0.04337 -1.00000 15.11837 0.00336 14.57555 0.00287 14.41737 0.00655 0.02558
71.97330 44.97564 17.51196 0.00590 16.74820 0.01026 17.11828 0.01132 -1.00000 0.00000 160.31126 -0.05128 1.25617 0.78497 160.31126 -0.05130 -1.00000 15.56199 0.00457 15.16821 0.00460 15.01588 0.01080 0.07944
71.97250 44.98640 17.84475 0.00721 17.12768 0.01308 17.49025 0.01435 -1.00000 0.00000 160.30267 -0.04476 1.25616 0.78516 160.30266 -0.04476 -1.00000 16.01860 0.00637 15.68818 0.00709 15.53389 0.01689 0.02966
71.95865 45.03787 16.37324 0.00316 15.26917 0.00447 15.86579 0.00556 -1.00000 0.00000 160.25705 -0.01901 1.25592 0.78606 160.25703 -0.01900 -1.00000 13.43819 0.00125 12.68932 0.00081 12.42824 0.00156 0.05515
71.95527 44.98255 19.97311 0.03387 18.92307 0.05028 19.62226 0.07274 -1.00000 0.00000 160.29775 -0.05656 1.25586 0.78509 160.29770 -0.05652 1.00000 nan nan nan nan nan nan nan
71.95102 44.99530 17.00590 0.00442 16.27748 0.00774 16.59270 0.00828 -1.00000 0.00000 160.28608 -0.05062 1.25578 0.78532 160.28609 -0.05061 -1.00000 15.12802 0.00337 14.63941 0.00301 14.51929 0.00709 0.10152
71.94931 45.03710 19.92285 0.03250 19.07723 0.05718 19.59489 0.07107 -1.00000 0.00000 160.25337 -0.02455 1.25575 0.78605 160.25335 -0.02455 -1.00000 17.83067 0.02853 17.31693 0.02989 17.18070 0.07380 0.04856
71.94851 45.04013 19.05731 0.01648 18.16455 0.02743 18.62479 0.03232 -1.00000 0.00000 160.25070 -0.02302 1.25574 0.78610 160.25068 -0.02303 0.00000 nan nan nan nan nan nan nan
71.94257 44.95979 17.14254 0.00477 16.56442 0.00917 16.90018 0.00992 -1.00000 0.00000 160.30933 -0.07811 1.25563 0.78470 160.30933 -0.07811 -1.00000 15.63332 0.00482 15.36672 0.00543 15.21099 0.01272 0.02732
71.93521 44.96333 19.48426 0.02285 18.61610 0.03912 19.06777 0.04591 -1.00000 0.00000 160.30326 -0.07980 1.25551 0.78476 160.30327 -0.07981 -1.00000 17.38762 0.01947 16.82243 0.01915 16.58117 0.04275 0.04988
71.93090 44.96209 19.30243 0.01984 18.47522 0.03495 18.91291 0.04053 -1.00000 0.00000 160.30223 -0.08293 1.25543 0.78474 160.30224 -0.08293 -1.00000 17.15940 0.01603 16.70328 0.01722 16.57349 0.04243 0.05772
71.93023 44.96475 15.37735 0.00192 14.66958 0.00330 14.94185 0.00348 -1.00000 0.00000 160.29991 -0.08157 1.25542 0.78478 160.29991 -0.08157 -1.00000 13.53247 0.00132 12.98130 0.00097 12.81524 0.00199 0.05461
71.90728 44.98158 16.97664 0.00435 16.27778 0.00774 16.74324 0.00904 -1.00000 0.00000 160.27657 -0.08310 1.25502 0.78508 160.27658 -0.08307 -1.00000 14.98450 0.00307 14.63441 0.00299 14.46045 0.00670 0.11539
71.89963 44.98989 18.42586 0.01051 17.63835 0.01858 18.01315 0.02052 -1.00000 0.00000 160.26673 -0.08186 1.25489 0.78522 160.26675 -0.08184 -1.00000 16.46664 0.00898 15.98791 0.00910 15.81710 0.02134 0.10444
71.89324 44.99533 16.29859 0.00304 15.71055 0.00564 16.01072 0.00600 -1.00000 0.00000 160.25965 -0.08179 1.25477 0.78532 160.25965 -0.08179 -1.00000 14.75332 0.00264 14.43484 0.00256 14.27919 0.00576 0.00011
72.03662 44.98530 17.99436 0.00801 17.26214 0.01443 17.66162 0.01521 -1.00000 0.00000 160.33278 -0.01082 1.25728 0.78514 160.33275 -0.01083 -1.00000 16.15604 0.00708 15.80027 0.00784 15.62547 0.01844 0.06358
72.02969 45.00486 19.87105 0.03125 18.81129 0.04615 19.50704 0.06031 -1.00000 0.00000 160.31467 -0.00196 1.25715 0.78548 160.31464 -0.00197 -1.00000 17.24796 0.01718 16.65674 0.01656 16.44990 0.03834 0.07193
72.02786 44.98852 17.19734 0.00499 16.36139 0.00820 16.76301 0.00879 -1.00000 0.00000 160.32632 -0.01348 1.25712 0.78520 160.32632 -0.01350 -1.00000 15.05970 0.00323 14.48650 0.00270 14.31137 0.00604 0.05771
72.02811 45.00659 14.79805 0.00148 14.13770 0.00257 14.47044 0.00272 -1.00000 0.00000 160.31263 -0.00169 1.25713 0.78551 160.31262 -0.00170 -1.00000 13.23445 0.00113 12.88261 0.00091 12.76670 0.00194 0.01413
72.02530 44.99031 17.83656 0.00726 16.97149 0.01192 17.54359 0.01410 -1.00000 0.00000 160.32378 -0.01371 1.25708 0.78523 160.32377 -0.01372 -1.00000 15.72472 0.00512 15.32244 0.00524 15.11369 0.01179 0.03578
72.02267 44.97671 17.58915 0.00625 16.87897 0.01124 17.30114 0.01210 -1.00000 0.00000 160.33298 -0.02390 1.25703 0.78499 160.33296 -0.02390 -1.00000 15.83302 0.00556 15.51340 0.00615 15.34602 0.01443 0.04768
72.02272 44.99093 19.80227 0.02955 18.89877 0.04960 19.46803 0.05840 -1.00000 0.00000 160.32213 -0.01470 1.25703 0.78524 160.32210 -0.01469 -2.00000 17.54841 0.02228 17.05956 0.02375 16.77280 0.05135 0.08861
72.02194 44.98277 19.04709 0.01646 18.13773 0.02706 18.71319 0.03204 -1.00000 0.00000 160.32801 -0.02039 1.25702 0.78510 160.32800 -0.02039 -1.00000 16.62333 0.01026 16.13261 0.01045 15.89053 0.02328 0.02174
72.02163 44.98387 19.19135 0.01833 18.36762 0.03233 18.84236 0.03538 -1.00000 0.00000 160.32703 -0.01985 1.25701 0.78512 160.32700 -0.01985 -1.00000 17.15367 0.01591 16.70991 0.01738 16.52093 0.04093 0.08418
72.02134 44.99596 17.39687 0.00559 16.60862 0.00950 17.07439 0.01055 -1.00000 0.00000 160.31766 -0.01220 1.25701 0.78533 160.31764 -0.01220 -1.00000 15.50333 0.00437 15.11396 0.00441 14.96396 0.01037 0.03728
72.02026 45.00065 18.49903 0.01115 17.64468 0.01881 18.16879 0.02148 -1.00000 0.00000 160.31359 -0.00976 1.25699 0.78541 160.31357 -0.00977 -1.00000 16.51642 0.00938 16.06285 0.00982 15.90365 0.02350 0.02586
72.01962 45.01572 17.76830 0.00696 16.94136 0.01169 17.35928 0.01255 -1.00000 0.00000 160.30178 -0.00039 1.25698 0.78567 160.30177 -0.00040 -1.00000 15.76480 0.00526 15.22175 0.00482 15.08561 0.01149 0.02809
72.01739 44.97382 17.93487 0.00771 17.16874 0.01356 17.57528 0.01439 -1.00000 0.00000 160.33277 -0.02862 1.25694 0.78494 160.33276 -0.02862 -1.00000 15.99319 0.00627 15.56993 0.00645 15.44562 0.01574 0.02814
72.01759 45.01069 17.11322 0.00476 16.28369 0.00784 16.76660 0.00881 -1.00000 0.00000 160.30470 -0.00474 1.25694 0.78558 160.30469 -0.00474 -1.00000 15.10208 0.00332 14.64596 0.00304 14.49386 0.00699 0.01398
72.01596 45.00246 19.82548 0.03011 18.78078 0.04502 19.42676 0.05644 -1.00000 0.00000 160.31024 -0.01092 1.25692 0.78544 160.31021 -0.01093 -1.00000 17.20578 0.01658 16.47750 0.01411 16.27091 0.03260 0.07412
72.01603 45.01702 18.98393 0.01571 18.13905 0.02709 18.57614 0.02889 -1.00000 0.00000 160.29914 -0.00149 1.25692 0.78570 160.29913 -0.00149 -1.00000 16.91434 0.01296 16.43288 0.01357 16.25474 0.03212 0.01415
72.01504 44.98627 19.68112 0.02681 18.71097 0.04253 19.30682 0.05117 -1.00000 0.00000 160.32219 -0.02187 1.25690 0.78516 160.32217 -0.02186 -1.00000 17.16963 0.01613 16.61261 0.01593 16.40393 0.03680 0.04414
72.01507 45.00789 18.86718 0.01443 17.93523 0.02324 18.46003 0.02650 -1.00000 0.00000 160.30569 -0.00790 1.25690 0.78554 160.30565 -0.00792 -1.00000 16.58336 0.00989 15.98470 0.00917 15.78545 0.02114 0.10150
72.01400 44.99363 19.45511 0.02244 18.44540 0.03437 19.08736 0.04289 -1.00000 0.00000 160.31610 -0.01767 1.25688 0.78529 160.31608 -0.01767 -1.00000 16.93241 0.01319 16.38509 0.01301 16.26549 0.03245 0.02276
72.01397 44.99588 18.49233 0.01110 17.55122 0.01760 18.15951 0.02134 -1.00000 0.00000 160.31436 -0.01624 1.25688 0.78533 160.31435 -0.01624 -1.00000 16.11301 0.00684 15.66137 0.00695 15.46380 0.01594 0.01675
72.01346 45.00045 17.50548 0.00595 16.75908 0.01042 17.20403 0.01140 -1.00000 0.00000 160.31064 -0.01357 1.25687 0.78541 160.31063 -0.01357 -1.00000 15.67675 0.00494 15.28778 0.00508 15.14807 0.01212 0.00522
72.00974 44.99917 19.54120 0.02400 18.73791 0.04347 19.24272 0.04858 -1.00000 0.00000 160.30992 -0.01641 1.25681 0.78538 160.30991 -0.01640 -1.00000 17.45755 0.02058 16.89139 0.02039 16.68889 0.04748 0.02975
72.01002 45.02383 15.03372 0.00166 14.01150 0.00242 14.56744 0.00285 -1.00000 0.00000 160.29121 -0.00035 1.25681 0.78581 160.29120 -0.00036 -1.00000 12.38361 0.00073 11.70614 0.00048 11.43538 0.00088 0.02411
72.00659 44.97821 18.25715 0.00948 17.28275 0.01463 17.87915 0.01758 -1.00000 0.00000 160.32449 -0.03163 1.25675 0.78502 160.32448 -0.03162 -1.00000 15.81435 0.00549 15.29627 0.00513 15.07928 0.01145 0.03520
72.00728 45.02137 18.74626 0.01324 17.85159 0.02184 18.38515 0.02509 -1.00000 0.00000 160.29183 -0.00341 1.25676 0.78577 160.29182 -0.00342 -1.00000 16.40932 0.00860 15.94041 0.00884 15.70871 0.01975 0.02698
72.00463 44.98831 19.62537 0.02565 18.64710 0.04038 19.20046 0.04695 -1.00000 0.00000 160.31589 -0.02617 1.25672 0.78519 160.31587 -0.02617 -1.00000 17.26464 0.01747 16.72523 0.01759 16.47324 0.03911 0.03757
72.00509 45.01529 16.71195 0.00383 15.95062 0.00649 16.36407 0.00704 -1.00000 0.00000 160.29548 -0.00851 1.25673 0.78566 160.29548 -0.00851 -1.00000 14.88696 0.00288 14.42147 0.00256 14.26918 0.00581 0.01434
72.00460 45.02371 19.93173 0.03283 18.98763 0.05339 19.59694 0.06499 -1.00000 0.00000 160.28882 -0.00335 1.25672 0.78581 160.28883 -0.00336 -1.00000 17.57465 0.02271 16.97080 0.02195 16.85551 0.05522 0.05905
72.00301 44.96786 19.94542 0.03320 18.70578 0.04235 19.45136 0.05760 -1.00000 0.00000 160.33077 -0.04024 1.25669 0.78484 160.33076 -0.04025 -1.00000 17.12122 0.01554 16.37270 0.01291 16.18490 0.03027 0.02169
72.00376 45.02812 19.88680 0.03165 18.92710 0.05078 19.46054 0.05804 -1.00000 0.00000 160.28507 -0.00095 1.25670 0.78589 160.28507 -0.00096 -1.00000 17.68136 0.02491 17.17992 0.02653 17.04794 0.06582 0.02751
72.00118 45.01132 18.01750 0.00813 17.20765 0.01391 17.70383 0.01564 -1.00000 0.00000 160.29673 -0.01319 1.25666 0.78560 160.29672 -0.01320 -1.00000 16.01281 0.00633 15.61884 0.00669 15.41796 0.01528 0.01927
72.00084 45.00878 18.49192 0.01109 17.63234 0.01864 18.08148 0.02020 -1.00000 0.00000 160.29851 -0.01501 1.25665 0.78555 160.29851 -0.01502 -1.00000 16.26655 0.00769 15.65077 0.00688 15.48185 0.01616 0.01074
72.00101 45.02786 19.58033 0.02475 18.69395 0.04194 19.28512 0.05028 -1.00000 0.00000 160.28402 -0.00261 1.25665 0.78588 160.28399 -0.00262 -1.00000 17.32141 0.01826 16.88172 0.02029 16.76086 0.05070 0.06056
72.00044 45.01574 18.67069 0.01255 17.91621 0.02291 18.44691 0.02625 -1.00000 0.00000 160.29302 -0.01074 1.25664 0.78567 160.29299 -0.01076 -2.00000 16.75840 0.01139 16.37192 0.01284 16.23905 0.03160 0.09059
71.99933 45.01722 19.16326 0.01795 18.31172 0.03095 18.72309 0.03228 -1.00000 0.00000 160.29138 -0.01038 1.25663 0.78570 160.29137 -0.01038 -1.00000 17.12148 0.01541 16.65327 0.01648 16.53411 0.04122 0.01696
71.99905 45.01286 18.96982 0.01555 18.09693 0.02624 18.64390 0.03040 -1.00000 0.00000 160.29458 -0.01335 1.25662 0.78562 160.29457 -0.01335 -1.00000 16.70879 0.01094 16.18374 0.01088 16.01277 0.02581 0.00290
71.99756 44.96897 19.30230 0.01994 18.34900 0.03186 18.98050 0.03941 -1.00000 0.00000 160.32743 -0.04247 1.25659 0.78486 160.32741 -0.04247 -1.00000 17.02364 0.01431 16.49467 0.01437 16.32762 0.03437 0.03702
71.99718 44.99963 18.61412 0.01207 17.75932 0.02042 18.23876 0.02257 -1.00000 0.00000 160.30383 -0.02289 1.25659 0.78539 160.30381 -0.02289 -1.00000 16.44121 0.00883 15.94964 0.00888 15.75130 0.02048 0.03844
71.99649 44.96789 18.61637 0.01209 17.84735 0.02178 18.24305 0.02264 -1.00000 0.00000 160.32777 -0.04375 1.25658 0.78484 160.32775 -0.04375 -1.00000 16.69474 0.01090 16.29797 0.01208 16.23303 0.03158 0.02596
71.99623 44.98575 17.88023 0.00746 17.11366 0.01307 17.51732 0.01386 -1.00000 0.00000 160.31401 -0.03237 1.25657 0.78515 160.31399 -0.03236 -1.00000 15.98575 0.00622 15.57444 0.00646 15.39415 0.01499 0.03255
71.99659 45.00651 17.64359 0.00646 16.86910 0.01117 17.30048 0.01210 -1.00000 0.00000 160.29831 -0.01877 1.25658 0.78551 160.29830 -0.01878 -1.00000 15.79680 0.00539 15.37273 0.00544 15.21074 0.01276 0.01137
71.99321 45.01615 18.49805 0.01114 17.70121 0.01958 18.15948 0.02134 -1.00000 0.00000 160.28941 -0.01438 1.25652 0.78568 160.28940 -0.01438 -1.00000 16.54598 0.00959 16.06554 0.00982 15.89751 0.02328 0.01210
71.99274 44.99916 17.55649 0.00613 16.70246 0.01007 17.25917 0.01179 -1.00000 0.00000 160.30217 -0.02559 1.25651 0.78538 160.30216 -0.02560 -1.00000 15.48016 0.00430 15.04027 0.00415 14.84949 0.00938 0.01416
71.99174 44.96743 16.06209 0.00274 14.95934 0.00386 15.59702 0.00472 -1.00000 0.00000 160.32595 -0.04661 1.25649 0.78483 160.32594 -0.04660 -1.00000 13.22188 0.00112 12.52986 0.00074 12.29168 0.00144 0.01540
71.99098 44.97475 19.41684 0.02178 18.51860 0.03643 19.00264 0.04010 -1.00000 0.00000 160.32001 -0.04229 1.25648 0.78496 160.32000 -0.04229 -1.00000 17.18780 0.01642 16.66975 0.01675 16.50737 0.04035 0.02791
71.98789 44.96079 18.74248 0.01320 17.94268 0.02337 18.37235 0.02485 -1.00000 0.00000 160.32926 -0.05297 1.25643 0.78471 160.32924 -0.05297 -1.00000 16.82307 0.01212 16.38008 0.01299 16.29958 0.03351 0.05618
71.98845 45.02055 17.67936 0.00660 16.94150 0.01169 17.37246 0.01265 -1.00000 0.00000 160.28387 -0.01411 1.25644 0.78576 160.28386 -0.01412 -1.00000 15.87541 0.00571 15.51908 0.00616 15.35048 0.01440 0.01923
71.98710 45.00079 18.63923 0.01228 17.86734 0.02210 18.40820 0.02551 -1.00000 0.00000 160.29835 -0.02759 1.25641 0.78541 160.29833 -0.02760 -1.00000 16.62409 0.01023 16.30933 0.01214 15.99820 0.02548 0.03570
71.98732 45.01817 19.81295 0.02981 18.95223 0.05184 19.37006 0.05388 -1.00000 0.00000 160.28518 -0.01625 1.25642 0.78572 160.28516 -0.01626 -1.00000 17.61670 0.02356 17.13005 0.02524 17.00392 0.06299 0.02571
71.98625 45.01050 19.93870 0.03302 18.97673 0.05291 19.47957 0.05895 -1.00000 0.00000 160.29054 -0.02178 1.25640 0.78558 160.29052 -0.02179 -1.00000 17.56303 0.02249 16.97376 0.02190 16.81647 0.05314 0.05042
71.98563 45.01249 19.93157 0.03283 18.81187 0.04618 19.51007 0.06046 -1.00000 0.00000 160.28874 -0.02083 1.25639 0.78562 160.28874 -0.02083 -1.00000 17.30151 0.01796 16.55760 0.01511 16.26854 0.03241 0.02607
71.98477 44.96881 16.94929 0.00435 16.26107 0.00774 16.69239 0.00845 -1.00000 0.00000 160.32171 -0.04948 1.25637 0.78485 160.32170 -0.04948 -1.00000 15.28599 0.00378 14.96930 0.00393 14.83810 0.00931 0.02852
71.98363 44.98880 18.86379 0.01440 18.00119 0.02441 18.48764 0.02705 -1.00000 0.00000 160.30592 -0.03720 1.25635 0.78520 160.30591 -0.03719 -1.00000 16.83269 0.01216 16.35270 0.01262 16.19616 0.03043 0.03124
71.97942 44.95366 18.20324 0.00915 17.34671 0.01528 17.79055 0.01657 -1.00000 0.00000 160.33085 -0.06215 1.25628 0.78459 160.33083 -0.06215 -1.00000 16.03191 0.00648 15.48962 0.00604 15.32441 0.01414 0.06146
71.98005 45.00594 17.48290 0.00587 16.71408 0.01014 17.08446 0.01061 -1.00000 0.00000 160.29120 -0.02807 1.25629 0.78550 160.29117 -0.02807 -2.00000 15.51317 0.00439 14.98110 0.00395 14.80370 0.00901 0.05558
71.97982 45.00982 17.50680 0.00596 16.87032 0.01118 17.31266 0.01219 -1.00000 0.00000 160.28813 -0.02569 1.25628 0.78557 160.28811 -0.02569 -1.00000 15.85181 0.00561 15.59630 0.00656 15.50575 0.01646 0.02586
71.97870 45.00398 18.91980 0.01499 18.05276 0.02537 18.54703 0.02827 -1.00000 0.00000 160.29208 -0.03007 1.25627 0.78547 160.29207 -0.03008 -1.00000 16.84003 0.01220 16.30193 0.01205 16.19356 0.03030 0.01592
71.97778 44.97092 16.92148 0.00428 16.21836 0.00755 16.60485 0.00804 -1.00000 0.00000 160.31691 -0.05190 1.25625 0.78489 160.31689 -0.05190 -1.00000 15.19731 0.00355 14.84444 0.00355 14.72330 0.00845 0.03644
71.97743 44.98385 17.53591 0.00606 16.77788 0.01055 17.17176 0.01118 -1.00000 0.00000 160.30688 -0.04375 1.25624 0.78512 160.30687 -0.04374 -1.00000 15.63963 0.00482 15.23374 0.00485 15.07491 0.01136 0.03366
71.97665 44.96127 18.64772 0.01235 17.87392 0.02221 18.29814 0.02355 -1.00000 0.00000 160.32377 -0.05874 1.25623 0.78472 160.32377 -0.05873 -1.00000 16.60845 0.01017 16.13496 0.01047 16.00148 0.02563 0.04825
71.97651 44.97267 19.98476 0.03429 19.12506 0.05990 19.56782 0.06343 -1.00000 0.00000 160.31500 -0.05146 1.25623 0.78492 160.31498 -0.05145 -1.00000 17.64106 0.02424 17.06583 0.02385 17.00230 0.06305 0.06884
71.97631 44.97646 18.34727 0.01006 17.52465 0.01728 17.97271 0.01874 -1.00000 0.00000 160.31201 -0.04912 1.25622 0.78499 160.31199 -0.04911 -1.00000 16.31795 0.00805 15.84739 0.00814 15.65963 0.01890 0.05217
71.97478 44.96977 19.51718 0.02355 18.20617 0.02852 18.86839 0.03610 -1.00000 0.00000 160.31642 -0.05426 1.25620 0.78487 160.31641 -0.05425 -1.00000 16.53831 0.00960 15.79302 0.00778 15.54282 0.01706 0.06897
71.97478 44.99606 19.33654 0.02047 18.28606 0.03034 18.89418 0.03684 -1.00000 0.00000 160.29634 -0.03730 1.25620 0.78533 160.29632 -0.03730 -1.00000 16.86692 0.01248 16.13658 0.01043 15.92633 0.02388 0.04855
71.97225 44.96544 18.61321 0.01206 17.80740 0.02115 18.24839 0.02273 -1.00000 0.00000 160.31857 -0.05842 1.25615 0.78480 160.31856 -0.05841 -1.00000 16.54929 0.00969 16.05201 0.00973 15.87850 0.02294 0.05343
71.97212 44.98497 19.61088 0.02536 18.03909 0.02511 18.84653 0.03550 -1.00000 0.00000 160.30360 -0.04589 1.25615 0.78514 160.30356 -0.04590 -1.00000 16.22069 0.00744 15.59114 0.00653 15.25499 0.01325 0.11067
71.97257 45.02811 17.45023 0.00576 16.50604 0.00893 16.99266 0.01005 -1.00000 0.00000 160.27085 -0.01780 1.25616 0.78589 160.27084 -0.01781 -1.00000 15.12528 0.00337 14.46760 0.00266 14.28363 0.00587 0.01785
71.97052 44.96707 19.34967 0.02068 18.45999 0.03477 18.95096 0.03851 -1.00000 0.00000 160.31654 -0.05831 1.25612 0.78482 160.31652 -0.05832 -1.00000 17.06602 0.01482 16.40416 0.01324 16.18479 0.03013 0.04350
71.97020 44.97048 17.37640 0.00552 16.64809 0.00974 17.07595 0.01056 -1.00000 0.00000 160.31379 -0.05628 1.25612 0.78488 160.31377 -0.05628 -1.00000 15.58126 0.00464 15.23546 0.00487 15.07778 0.01139 0.02172
71.97032 44.97321 16.84861 0.00412 16.08353 0.00699 16.46633 0.00745 -1.00000 0.00000 160.31175 -0.05446 1.25612 0.78493 160.31173 -0.05445 -1.00000 14.95066 0.00302 14.42971 0.00258 14.28163 0.00587 0.04186
71.97023 44.99190 16.90108 0.00424 16.10688 0.00709 16.55390 0.00782 -1.00000 0.00000 160.29744 -0.04244 1.25612 0.78526 160.29743 -0.04244 -1.00000 14.96632 0.00304 14.51525 0.00274 14.38670 0.00638 0.01836
71.96821 44.98199 19.30888 0.02004 18.33126 0.03142 18.89671 0.03691 -1.00000 0.00000 160.30409 -0.04992 1.25608 0.78508 160.30407 -0.04993 -1.00000 16.85525 0.01239 16.30966 0.01215 16.15536 0.02929 0.02595
71.96729 44.94488 19.32964 0.02036 18.41073 0.03344 18.96930 0.03906 -1.00000 0.00000 160.33201 -0.07438 1.25607 0.78444 160.33198 -0.07437 -1.00000 16.99999 0.01408 16.51927 0.01473 16.44203 0.03802 0.06889
71.96894 45.01525 18.58433 0.01182 17.70085 0.01958 18.24919 0.02274 -1.00000 0.00000 160.27902 -0.02806 1.25610 0.78566 160.27900 -0.02805 -1.00000 16.46837 0.00900 16.06052 0.00975 15.91269 0.02351 0.03894
71.96911 45.01305 17.21757 0.00505 16.47990 0.00880 16.90244 0.00953 -1.00000 0.00000 160.28078 -0.02939 1.25610 0.78563 160.28077 -0.02940 -1.00000 15.42979 0.00414 15.03980 0.00413 14.90782 0.00981 0.01572
71.96845 45.00208 19.16834 0.01802 18.26636 0.02988 18.89985 0.03700 -1.00000 0.00000 160.28886 -0.03683 1.25609 0.78543 160.28883 -0.03683 -1.00000 17.20521 0.01655 16.80545 0.01881 16.66350 0.04617 0.06459
71.96767 44.95795 18.16101 0.00891 17.19239 0.01377 17.70988 0.01570 -1.00000 0.00000 160.32220 -0.06574 1.25607 0.78466 160.32220 -0.06572 -1.00000 15.80408 0.00546 15.15388 0.00457 14.94489 0.01018 0.05230
71.96748 44.98032 19.48624 0.02299 18.67222 0.04121 19.08772 0.04290 -1.00000 0.00000 160.30503 -0.05140 1.25607 0.78505 160.30501 -0.05139 -2.00000 17.23749 0.01709 16.78038 0.01843 16.58736 0.04319 0.05657
71.96794 45.02315 19.46440 0.02260 18.49554 0.03576 19.06938 0.04228 -1.00000 0.00000 160.27253 -0.02350 1.25608 0.78580 160.27252 -0.02351 -1.00000 17.01792 0.01413 16.46649 0.01395 16.26907 0.03236 0.03210
71.96642 44.94945 19.24656 0.01911 18.31968 0.03114 18.79610 0.03414 -1.00000 0.00000 160.32812 -0.07190 1.25605 0.78452 160.32810 -0.07189 -1.00000 16.86519 0.01257 16.20150 0.01112 16.04937 0.02672 0.06907
71.96699 44.98442 19.81219 0.02979 18.82305 0.04660 19.32428 0.05190 -1.00000 0.00000 160.30167 -0.04902 1.25606 0.78513 160.30166 -0.04901 -1.00000 17.24670 0.01721 16.48192 0.01413 16.28220 0.03280 0.05047
71.96605 44.95324 18.87834 0.01455 18.08887 0.02608 18.54098 0.02814 -1.00000 0.00000 160.32506 -0.06966 1.25604 0.78458 160.32504 -0.06964 -1.00000 16.89191 0.01284 16.38281 0.01303 16.31992 0.03403 0.07053
71.96558 44.97437 17.51759 0.00599 16.64761 0.00973 17.08959 0.01064 -1.00000 0.00000 160.30870 -0.05627 1.25604 0.78495 160.30869 -0.05626 -1.00000 15.36204 0.00397 14.76349 0.00333 14.59791 0.00759 0.03106
71.96548 44.97673 17.04630 0.00459 16.30524 0.00794 16.73559 0.00866 -1.00000 0.00000 160.30686 -0.05479 1.25603 0.78499 160.30684 -0.05479 -1.00000 15.23831 0.00365 14.83967 0.00353 14.71535 0.00837 0.04498
71.96537 45.00161 18.02002 0.00814 17.19978 0.01384 17.65963 0.01519 -2.00000 0.00000 160.28780 -0.03879 1.25603 0.78543 160.28781 -0.03879 -1.00000 15.96182 0.00609 15.49015 0.00599 15.33022 0.01410 0.03529
71.96473 44.99553 19.58842 0.02491 18.65904 0.04077 19.14088 0.04476 -1.00000 0.00000 160.29216 -0.04307 1.25602 0.78532 160.29213 -0.04305 -1.00000 17.21562 0.01671 16.75592 0.01799 16.61138 0.04404 0.07893
71.96449 44.99670 19.66426 0.02646 18.72634 0.04306 19.15773 0.04537 -1.00000 0.00000 160.29115 -0.04244 1.25602 0.78534 160.29113 -0.04244 -1.00000 17.29387 0.01786 16.69949 0.01711 16.51153 0.04024 0.05773
71.96363 44.97262 18.36491 0.01018 17.50127 0.01700 18.00521 0.01916 -1.00000 0.00000 160.30915 -0.05845 1.25600 0.78492 160.30913 -0.05845 -1.00000 16.25670 0.00767 15.70026 0.00718 15.51951 0.01668 0.02551
71.96400 45.02248 19.32937 0.02036 18.37753 0.03258 18.93949 0.03816 -1.00000 0.00000 160.27124 -0.02606 1.25601 0.78579 160.27123 -0.02606 -1.00000 17.00168 0.01394 16.50518 0.01442 16.33997 0.03446 0.00937
71.96255 45.02973 18.68927 0.01272 17.81559 0.02128 18.29013 0.02342 -1.00000 0.00000 160.26504 -0.02216 1.25598 0.78592 160.26503 -0.02215 -1.00000 16.51772 0.00939 15.95846 0.00896 15.74463 0.02029 0.04078
71.96139 44.97819 18.69110 0.01273 17.84116 0.02168 18.29490 0.02350 -1.00000 0.00000 160.30387 -0.05606 1.25596 0.78502 160.30386 -0.05606 -1.00000 16.46901 0.00906 15.84868 0.00814 15.65480 0.01876 0.02546
71.96034 44.99043 19.05560 0.01656 18.12684 0.02684 18.63098 0.03010 -1.00000 0.00000 160.29405 -0.04873 1.25594 0.78523 160.29402 -0.04872 -1.00000 16.78732 0.01169 16.23683 0.01137 16.06488 0.02695 0.06857
71.95858 44.98964 17.63601 0.00643 16.81382 0.01079 17.36115 0.01256 -1.00000 0.00000 160.29385 -0.05019 1.25591 0.78522 160.29382 -0.05019 -1.00000 15.60251 0.00469 15.22868 0.00482 15.05646 0.01114 0.04814
71.95889 45.02651 17.67312 0.00657 16.86673 0.01115 17.29706 0.01207 -1.00000 0.00000 160.26583 -0.02622 1.25592 0.78586 160.26582 -0.02622 -1.00000 15.64195 0.00482 15.09485 0.00433 14.95809 0.01024 0.02750
71.95582 44.98835 18.69074 0.01273 17.88235 0.02234 18.39146 0.02520 -1.00000 0.00000 160.29357 -0.05252 1.25587 0.78519 160.29355 -0.05252 -1.00000 16.65190 0.01047 16.23465 0.01135 16.00540 0.02554 0.04026
71.95542 45.01524 17.83674 0.00726 17.05206 0.01256 17.47403 0.01348 -1.00000 0.00000 160.27286 -0.03537 1.25586 0.78566 160.27285 -0.03537 -1.00000 15.92052 0.00589 15.50652 0.00606 15.35837 0.01441 0.00733
71.95441 45.00950 19.97490 0.03402 19.13068 0.06018 19.60102 0.06521 -1.00000 0.00000 160.27678 -0.03962 1.25584 0.78556 160.27677 -0.03961 -1.00000 17.71220 0.02555 17.19666 0.02666 16.99679 0.06223 0.03345
71.95396 45.01869 19.58327 0.02481 18.71215 0.04257 19.25689 0.04914 -1.00000 0.00000 160.26956 -0.03393 1.25583 0.78572 160.26954 -0.03394 -1.00000 17.22405 0.01679 16.73624 0.01766 16.49701 0.03959 0.02055
71.95230 44.95915 19.43102 0.02202 18.49072 0.03563 18.96690 0.03899 -1.00000 0.00000 160.31426 -0.07327 1.25580 0.78469 160.31423 -0.07327 -1.00000 17.07221 0.01491 16.45483 0.01385 16.25357 0.03195 0.05625
71.95205 44.98666 17.21508 0.00504 16.58411 0.00936 17.00372 0.01011 -1.00000 0.00000 160.29314 -0.05564 1.25580 0.78517 160.29313 -0.05564 -1.00000 15.55817 0.00454 15.31551 0.00518 15.14857 0.01205 0.02110
71.95018 45.02197 19.35854 0.02082 18.43254 0.03402 18.95061 0.03850 -1.00000 0.00000 160.26533 -0.03385 1.25577 0.78578 160.26532 -0.03385 -1.00000 17.09677 0.01509 16.55497 0.01504 16.38668 0.03585 0.02479
71.94888 44.97638 19.19810 0.01842 18.30471 0.03078 18.83663 0.03523 -1.00000 0.00000 160.29954 -0.06399 1.25574 0.78499 160.29953 -0.06399 -1.00000 17.08979 0.01508 16.66289 0.01658 16.50546 0.03999 0.02358
71.94938 45.01840 19.53810 0.02394 18.59456 0.03871 19.06861 0.04225 -1.00000 0.00000 160.26768 -0.03659 1.25575 0.78572 160.26766 -0.03658 -1.00000 17.24113 0.01703 16.76646 0.01812 16.63737 0.04490 0.05768
71.94876 45.00940 19.68444 0.02688 18.70821 0.04243 19.37865 0.05426 -1.00000 0.00000 160.27428 -0.04274 1.25574 0.78556 160.27426 -0.04272 -1.00000 17.36583 0.01893 16.78508 0.01841 16.55182 0.04155 0.07169
71.94869 45.02025 19.26818 0.01943 18.41952 0.03368 18.81873 0.03474 -1.00000 0.00000 160.26596 -0.03577 1.25574 0.78575 160.26595 -0.03577 -1.00000 17.01073 0.01402 16.44237 0.01360 16.19935 0.03028 0.01922
71.94691 44.98896 18.47135 0.01094 17.64728 0.01884 18.19354 0.02186 -1.00000 0.00000 160.28903 -0.05693 1.25571 0.78521 160.28903 -0.05693 -1.00000 16.41134 0.00862 16.05606 0.00970 15.87298 0.02267 0.03031
71.94554 44.97198 19.74167 0.02815 18.53590 0.03693 19.16439 0.04561 -1.00000 0.00000 160.30138 -0.06864 1.25569 0.78491 160.30137 -0.06863 -1.00000 16.95061 0.01343 16.19491 0.01098 15.97997 0.02497 0.04963
71.94649 45.00133 17.44380 0.00574 16.71637 0.01015 17.18321 0.01126 -1.00000 0.00000 160.27940 -0.04917 1.25570 0.78542 160.27940 -0.04917 -1.00000 15.68009 0.00494 15.35502 0.00534 15.22798 0.01287 0.02006
71.94456 45.01481 17.77104 0.00697 17.10793 0.01303 17.59514 0.01457 -1.00000 0.00000 160.26823 -0.04151 1.25567 0.78566 160.26822 -0.04150 -1.00000 16.08433 0.00666 15.81875 0.00788 15.63071 0.01825 0.03093
71.94118 44.98595 15.96469 0.00261 15.22021 0.00440 15.63603 0.00481 -1.00000 0.00000 160.28872 -0.06197 1.25561 0.78515 160.28871 -0.06197 -1.00000 14.11721 0.00182 13.76003 0.00159 13.62418 0.00351 0.01954
71.94023 44.98942 18.45129 0.01079 17.62964 0.01861 18.04466 0.01969 -1.00000 0.00000 160.28564 -0.06024 1.25559 0.78521 160.28563 -0.06023 -1.00000 16.36578 0.00831 15.85629 0.00816 15.68124 0.01911 0.04387
71.93985 45.00428 19.19297 0.01835 18.31385 0.03100 18.73633 0.03261 -1.00000 0.00000 160.27412 -0.05085 1.25559 0.78547 160.27410 -0.05085 -1.00000 16.89819 0.01276 16.34853 0.01249 16.16678 0.02937 0.02761
71.93933 44.97167 17.04396 0.00458 16.27966 0.00782 16.69397 0.00846 -1.00000 0.00000 160.29878 -0.07219 1.25558 0.78490 160.29876 -0.07219 -1.00000 15.15581 0.00345 14.71429 0.00320 14.58950 0.00751 0.02211
71.93884 44.98723 16.96769 0.00439 16.23061 0.00760 16.70432 0.00851 -1.00000 0.00000 160.28667 -0.06241 1.25557 0.78518 160.28666 -0.06241 -1.00000 15.09866 0.00331 14.78379 0.00337 14.62826 0.00774 0.02149
71.93687 44.96493 18.34366 0.01004 17.53724 0.01743 18.01930 0.01935 -1.00000 0.00000 160.30280 -0.07787 1.25554 0.78479 160.30278 -0.07786 -1.00000 16.32798 0.00811 15.92475 0.00869 15.77051 0.02071 0.04680
71.93552 45.03071 18.26430 0.00953 17.34425 0.01525 17.84871 0.01722 -1.00000 0.00000 160.25196 -0.03612 1.25551 0.78593 160.25196 -0.03613 -1.00000 16.00480 0.00630 15.37343 0.00543 15.19110 0.01247 0.02587
71.93412 45.01629 19.19034 0.01832 18.30150 0.03070 18.77958 0.03371 -1.00000 0.00000 160.26233 -0.04618 1.25549 0.78568 160.26231 -0.04618 -1.00000 16.80986 0.01184 16.11252 0.01015 15.91966 0.02353 0.01711
71.93388 45.00972 19.32509 0.02029 17.80721 0.02115 18.57421 0.02885 -1.00000 0.00000 160.26724 -0.05056 1.25548 0.78557 160.26724 -0.05056 -1.00000 15.99873 0.00624 15.23739 0.00483 14.95895 0.01019 0.04759
71.93281 44.99864 18.96865 0.01554 18.15912 0.02751 18.61560 0.02976 -1.00000 0.00000 160.27521 -0.05829 1.25546 0.78537 160.27520 -0.05828 -1.00000 16.93599 0.01317 16.46924 0.01389 16.39115 0.03589 0.05043
71.93224 45.00355 17.22971 0.00508 16.42740 0.00853 16.84584 0.00922 -1.00000 0.00000 160.27120 -0.05543 1.25545 0.78546 160.27120 -0.05542 -1.00000 15.23447 0.00362 14.74454 0.00326 14.56857 0.00735 0.03754
71.93181 44.98781 15.98692 0.00264 15.32607 0.00465 15.66550 0.00488 -1.00000 0.00000 160.28302 -0.06583 1.25545 0.78519 160.28301 -0.06583 -1.00000 14.38128 0.00211 14.02735 0.00191 13.90957 0.00435 0.02101
71.93001 44.99024 16.54073 0.00350 15.92573 0.00640 16.28468 0.00675 -1.00000 0.00000 160.28034 -0.06524 1.25542 0.78523 160.28034 -0.06523 -1.00000 15.03076 0.00316 14.74555 0.00326 14.62656 0.00772 0.01984
71.92994 44.99532 17.83453 0.00725 17.11320 0.01307 17.52154 0.01390 -1.00000 0.00000 160.27643 -0.06199 1.25541 0.78532 160.27642 -0.06198 -1.00000 15.98168 0.00617 15.60898 0.00659 15.46124 0.01572 0.03909
71.92833 45.01038 18.13207 0.00874 17.30629 0.01487 17.79442 0.01661 -1.00000 0.00000 160.26420 -0.05313 1.25539 0.78558 160.26420 -0.05313 -1.00000 16.07762 0.00662 15.62934 0.00670 15.48285 0.01600 0.03716
71.92765 44.98120 16.94788 0.00435 16.33698 0.00809 16.74402 0.00870 -1.00000 0.00000 160.28616 -0.07235 1.25537 0.78507 160.28615 -0.07234 -1.00000 15.36512 0.00397 15.12065 0.00441 14.98326 0.01042 0.03751
71.92752 45.01630 19.13737 0.01760 18.24052 0.02929 18.75393 0.03305 -1.00000 0.00000 160.25931 -0.04974 1.25537 0.78568 160.25930 -0.04975 -1.00000 16.90865 0.01285 16.42647 0.01335 16.19477 0.03004 0.01252
71.92550 44.99826 18.84664 0.01422 17.86764 0.02210 18.40474 0.02545 -1.00000 0.00000 160.27216 -0.06248 1.25534 0.78537 160.27216 -0.06248 -1.00000 16.40441 0.00855 15.70293 0.00713 15.51075 0.01640 0.05086
71.92492 45.00824 19.61405 0.02542 18.69992 0.04215 19.29654 0.05074 -1.00000 0.00000 160.26427 -0.05635 1.25533 0.78554 160.26426 -0.05635 -1.00000 17.26172 0.01728 16.77182 0.01813 16.62713 0.04431 0.02874
71.92440 44.97888 17.75640 0.00691 16.90629 0.01143 17.34495 0.01243 -1.00000 0.00000 160.28645 -0.07560 1.25532 0.78503 160.28645 -0.07558 -1.00000 15.64059 0.00482 15.05261 0.00417 14.86699 0.00943 0.07059
71.92464 45.01600 16.77941 0.00397 16.03134 0.00679 16.39192 0.00715 -1.00000 0.00000 160.25823 -0.05149 1.25532 0.78568 160.25823 -0.05149 -1.00000 14.93504 0.00296 14.42562 0.00255 14.26863 0.00575 0.03282
71.92093 45.01515 18.24191 0.00939 17.35533 0.01537 17.85211 0.01726 -1.00000 0.00000 160.25718 -0.05404 1.25526 0.78566 160.25718 -0.05404 -1.00000 16.05268 0.00649 15.50873 0.00604 15.31363 0.01378 0.04438
71.91888 44.98076 19.01868 0.01612 18.09197 0.02614 18.55503 0.02844 -1.00000 0.00000 160.28250 -0.07737 1.25522 0.78506 160.28249 -0.07736 -1.00000 16.77541 0.01157 16.13737 0.01040 15.95130 0.02418 0.02857
71.91784 44.98416 18.70775 0.01288 17.90704 0.02276 18.37352 0.02488 -1.00000 0.00000 160.27942 -0.07573 1.25520 0.78512 160.27942 -0.07572 -1.00000 16.74332 0.01126 16.34460 0.01245 16.11866 0.02805 0.03775
71.91593 44.98880 19.12517 0.01744 18.30157 0.03070 18.79374 0.03408 -1.00000 0.00000 160.27501 -0.07377 1.25517 0.78520 160.27501 -0.07377 -1.00000 17.05404 0.01455 16.64888 0.01628 16.44973 0.03772 0.01733
71.91519 44.99269 19.91252 0.03232 18.95517 0.05197 19.48478 0.05921 -1.00000 0.00000 160.27170 -0.07165 1.25516 0.78527 160.27169 -0.07165 -1.00000 17.44399 0.02025 16.89529 0.02026 16.61341 0.04370 0.01076
71.91691 45.01878 14.02571 0.00103 13.46815 0.00187 13.83508 0.00201 -1.00000 0.00000 160.25257 -0.05386 1.25519 0.78573 160.25257 -0.05386 -1.00000 12.58048 0.00081 12.36569 0.00067 12.23813 0.00138 0.02661
71.91465 45.01176 18.68212 0.01265 17.60991 0.01835 18.18027 0.02165 -1.00000 0.00000 160.25690 -0.05962 1.25515 0.78560 160.25692 -0.05962 -1.00000 16.06511 0.00655 15.33816 0.00524 15.15087 0.01196 0.09077
71.91425 44.99060 15.53934 0.00212 14.88155 0.00371 15.21458 0.00390 -1.00000 0.00000 160.27287 -0.07351 1.25514 0.78523 160.27286 -0.07351 -1.00000 13.89208 0.00160 13.51290 0.00134 13.37543 0.00291 0.02258
71.91302 45.01428 18.16697 0.00894 17.36347 0.01546 17.81843 0.01688 -1.00000 0.00000 160.25423 -0.05887 1.25512 0.78565 160.25422 -0.05887 -1.00000 16.18780 0.00719 15.71174 0.00717 15.54431 0.01682 0.04290
71.90830 44.98591 19.04409 0.01642 18.21585 0.02873 18.62248 0.02991 -1.00000 0.00000 160.27373 -0.07975 1.25504 0.78515 160.27372 -0.07975 -1.00000 16.93117 0.01313 16.39427 0.01299 16.21409 0.03047 0.00914
71.90456 44.99854 17.34042 0.00541 16.62624 0.00961 17.03743 0.01032 -1.00000 0.00000 160.26238 -0.07360 1.25497 0.78537 160.26238 -0.07360 -1.00000 15.59363 0.00463 15.21539 0.00474 15.06258 0.01107 0.02688
71.90200 45.00738 19.67665 0.02672 18.81021 0.04611 19.28608 0.05032 -1.00000 0.00000 160.25446 -0.06928 1.25493 0.78553 160.25447 -0.06929 -1.00000 17.49432 0.02107 16.90717 0.02043 16.83956 0.05340 0.07501
71.89908 44.99872 19.60283 0.02520 18.69586 0.04201 19.24477 0.04866 -1.00000 0.00000 160.25974 -0.07645 1.25488 0.78538 160.25972 -0.07646 -1.00000 17.31193 0.01804 16.68892 0.01682 16.57243 0.04192 0.03429
71.89897 44.99351 17.74171 0.00685 16.99664 0.01212 17.39887 0.01286 -1.00000 0.00000 160.26366 -0.07988 1.25487 0.78528 160.26367 -0.07987 -1.00000 15.85414 0.00560 15.43444 0.00568 15.29993 0.01356 0.05337
71.89553 44.99480 19.39410 0.02140 18.44736 0.03442 18.98554 0.03957 -1.00000 0.00000 160.26111 -0.08090 1.25481 0.78531 160.26110 -0.08090 -1.00000 17.13107 0.01548 16.64539 0.01618 16.48874 0.03884 0.00850
71.89404 45.00744 18.80656 0.01382 17.95753 0.02363 18.37769 0.02495 -1.00000 0.00000 160.25078 -0.07353 1.25479 0.78553 160.25078 -0.07353 -1.00000 16.78624 0.01159 16.29727 0.01189 16.12561 0.02803 0.03775
71.89272 45.00377 19.54201 0.02402 18.67291 0.04123 19.08364 0.04276 -1.00000 0.00000 160.25298 -0.07661 1.25476 0.78546 160.25297 -0.07662 -1.00000 17.36581 0.01887 16.84459 0.01931 16.73651 0.04855 0.00325
71.97560 45.04435 18.53603 0.01151 17.71359 0.01927 18.08870 0.02101 -1.00000 0.00000 160.25983 -0.00568 1.25621 0.78617 160.25980 -0.00568 -1.00000 16.54007 0.00904 16.05885 0.00980 15.92418 0.02294 0.10317
71.97143 45.05184 18.10518 0.00863 17.30457 0.01450 17.70943 0.01614 -1.00000 0.00000 160.25221 -0.00310 1.25614 0.78630 160.25219 -0.00310 -1.00000 16.09923 0.00642 15.58716 0.00655 15.42921 0.01483 0.04471
71.96734 45.05021 19.21139 0.01880 18.36308 0.03138 18.82359 0.03649 -1.00000 0.00000 160.25159 -0.00636 1.25607 0.78627 160.25162 -0.00635 -1.00000 17.09190 0.01419 16.57439 0.01542 16.43423 0.03615 0.14232
