# ra_1	dec_1	r	rErr	i	iErr	ha	haErr	mergedClass_1	errBits	l	b	RA_2	DEC_2	L	B	MERGEDCLASS_2	J	JERR	H	HERR	K	KERR	Separation
72.06538 44.90585 19.74745 0.02778 18.82999 0.04669 19.46212 0.06013 -1.00000 0.00000 160.40664 -0.04649 1.25778 0.78376 160.40662 -0.04649 -1.00000 17.47511 0.02100 16.90865 0.02087 16.72192 0.04960 0.04191
72.04924 44.89106 19.75741 0.02800 18.84699 0.04735 19.32668 0.05379 -1.00000 0.00000 160.41057 -0.06477 1.25750 0.78350 160.41053 -0.06478 -1.00000 17.47218 0.02105 16.83278 0.01952 16.64643 0.04625 0.10891
72.04784 44.89093 18.59974 0.01176 17.70381 0.01957 18.20914 0.02276 -1.00000 0.00000 160.41003 -0.06561 1.25747 0.78349 160.40999 -0.06561 -1.00000 16.31976 0.00810 15.82537 0.00806 15.65647 0.01908 0.11477
72.03845 44.88919 19.04126 0.01612 18.22634 0.02888 18.70857 0.03295 -1.00000 0.00000 160.40707 -0.07181 1.25731 0.78346 160.40704 -0.07182 -1.00000 17.02331 0.01440 16.58949 0.01573 16.47696 0.03962 0.08734
72.03253 44.88736 18.33761 0.00985 17.48576 0.01678 17.88217 0.01811 -1.00000 0.00000 160.40576 -0.07620 1.25720 0.78343 160.40573 -0.07621 -1.00000 16.14855 0.00711 15.51253 0.00619 15.32999 0.01431 0.08751
72.03252 44.89663 19.51140 0.02304 18.54828 0.03717 19.03935 0.04266 -1.00000 0.00000 160.39867 -0.07022 1.25720 0.78359 160.39863 -0.07023 -1.00000 16.96763 0.01374 16.36110 0.01286 16.20008 0.03087 0.11403
72.02849 44.89646 17.61826 0.00627 16.81407 0.01078 17.16011 0.01138 -1.00000 0.00000 160.39696 -0.07252 1.25713 0.78359 160.39693 -0.07252 -1.00000 15.58246 0.00467 14.98815 0.00402 14.80998 0.00916 0.08839
72.02790 44.88349 18.94835 0.01506 17.59151 0.01807 18.23399 0.02317 -1.00000 0.00000 160.40660 -0.08120 1.25712 0.78336 160.40659 -0.08120 -1.00000 15.84432 0.00566 15.17770 0.00469 14.87822 0.00970 0.03125
72.02915 44.93381 13.39025 0.00076 12.81666 0.00138 13.07802 0.00144 -1.00000 0.00000 160.36873 -0.04807 1.25715 0.78424 160.36870 -0.04808 -1.00000 11.99192 0.00061 11.70707 0.00048 11.58975 0.00096 0.06287
72.02490 44.88769 18.10739 0.00848 17.31924 0.01497 17.71846 0.01622 -1.00000 0.00000 160.40202 -0.08011 1.25707 0.78344 160.40199 -0.08011 -1.00000 16.09814 0.00685 15.71096 0.00732 15.53713 0.01712 0.08025
72.01271 44.93864 19.35259 0.02037 18.03421 0.02495 18.69578 0.03263 -1.00000 0.00000 160.35752 -0.05385 1.25686 0.78433 160.35752 -0.05386 -1.00000 16.35811 0.00835 15.60871 0.00670 15.37730 0.01488 0.00742
72.01033 44.89781 19.35038 0.02034 18.52855 0.03659 18.92697 0.03903 -1.00000 0.00000 160.38764 -0.08147 1.25682 0.78361 160.38761 -0.08149 -1.00000 17.18183 0.01650 16.74151 0.01805 16.49683 0.04018 0.05752
72.00683 44.90536 19.15558 0.01755 18.28009 0.03010 18.65975 0.03174 -1.00000 0.00000 160.38026 -0.07850 1.25676 0.78375 160.38024 -0.07850 -1.00000 16.87651 0.01277 16.26216 0.01181 16.04047 0.02668 0.04255
72.00679 44.90157 17.55454 0.00604 16.65220 0.00975 17.13663 0.01122 -1.00000 0.00000 160.38314 -0.08096 1.25676 0.78368 160.38311 -0.08097 -1.00000 15.30652 0.00386 14.77978 0.00341 14.58726 0.00759 0.07837
72.00410 44.90323 18.74858 0.01305 17.82509 0.02137 18.35780 0.02534 -1.00000 0.00000 160.38064 -0.08135 1.25671 0.78371 160.38062 -0.08136 -1.00000 16.44826 0.00902 16.03644 0.00970 15.82236 0.02196 0.07383
72.00226 44.90970 18.66127 0.01227 17.84525 0.02169 18.25284 0.02348 -1.00000 0.00000 160.37486 -0.07817 1.25668 0.78382 160.37483 -0.07818 -1.00000 16.58320 0.01004 16.10398 0.01029 15.92886 0.02414 0.05884
71.99962 44.91174 18.28314 0.00950 17.48067 0.01672 17.94612 0.01892 -1.00000 0.00000 160.37209 -0.07828 1.25663 0.78386 160.37208 -0.07829 -1.00000 16.30062 0.00802 15.92495 0.00881 15.70556 0.01981 0.04237
71.99822 44.91310 17.60256 0.00621 16.89594 0.01135 17.19999 0.01166 -1.00000 0.00000 160.37042 -0.07817 1.25661 0.78388 160.37039 -0.07817 -1.00000 15.79519 0.00546 15.33282 0.00533 15.15944 0.01230 0.06298
71.99316 44.91553 19.57278 0.02418 18.55632 0.03741 19.12211 0.04557 -1.00000 0.00000 160.36625 -0.07933 1.25652 0.78392 160.36623 -0.07934 -1.00000 17.07886 0.01512 16.34230 0.01267 16.10036 0.02810 0.04657
71.99091 44.92088 18.88958 0.01443 18.07405 0.02571 18.42071 0.02654 -1.00000 0.00000 160.36113 -0.07710 1.25648 0.78402 160.36111 -0.07710 -1.00000 16.73199 0.01133 16.13444 0.01056 16.01024 0.02593 0.03685
71.98990 44.92221 19.13238 0.01725 18.37068 0.03230 18.74814 0.03396 -1.00000 0.00000 160.35966 -0.07679 1.25646 0.78404 160.35965 -0.07679 1.00000 nan nan nan nan nan nan nan
71.98923 44.91711 16.33577 0.00311 15.63261 0.00546 15.99847 0.00592 -1.00000 0.00000 160.36324 -0.08044 1.25645 0.78395 160.36322 -0.08045 -1.00000 14.58710 0.00242 14.22345 0.00223 14.07342 0.00500 0.05020
71.98477 44.92835 15.68943 0.00225 15.19022 0.00434 15.50768 0.00460 -1.00000 0.00000 160.35262 -0.07560 1.25637 0.78415 160.35260 -0.07561 -1.00000 14.40189 0.00216 14.20753 0.00221 14.07648 0.00501 0.05198
71.98168 44.92874 16.71135 0.00378 15.85366 0.00615 16.34958 0.00714 -1.00000 0.00000 160.35091 -0.07702 1.25632 0.78415 160.35089 -0.07703 -1.00000 14.58005 0.00241 14.14470 0.00211 13.94636 0.00453 0.06776
71.97596 44.92641 19.58686 0.02445 18.54996 0.03722 19.13269 0.04596 -1.00000 0.00000 160.35008 -0.08162 1.25622 0.78411 160.35005 -0.08163 -1.00000 16.92169 0.01324 16.30137 0.01220 16.16518 0.02971 0.09269
71.97330 44.93453 18.17593 0.00886 17.45756 0.01646 17.84490 0.01766 -1.00000 0.00000 160.34266 -0.07781 1.25617 0.78426 160.34264 -0.07782 -1.00000 16.37717 0.00849 16.04406 0.00974 15.89875 0.02343 0.05323
71.96754 44.93102 19.46996 0.02231 18.47016 0.03493 19.05846 0.04331 -1.00000 0.00000 160.34271 -0.08320 1.25607 0.78419 160.34269 -0.08321 -1.00000 16.93742 0.01341 16.36817 0.01293 16.18247 0.03014 0.05238
71.96440 44.94115 16.86356 0.00410 15.73389 0.00577 16.36273 0.00719 -1.00000 0.00000 160.33354 -0.07835 1.25602 0.78437 160.33352 -0.07836 -1.00000 13.90133 0.00162 13.14369 0.00107 12.89473 0.00211 0.03124
72.12176 44.92973 17.41367 0.00564 16.64315 0.00971 17.06952 0.01052 -1.00000 0.00000 160.41410 -0.00057 1.25876 0.78417 160.41408 -0.00057 -1.00000 15.56984 0.00457 15.09863 0.00438 14.94206 0.01033 0.03237
72.11944 44.92766 18.34589 0.01005 17.52211 0.01725 18.05630 0.01985 -1.00000 0.00000 160.41462 -0.00316 1.25872 0.78414 160.41461 -0.00316 -1.00000 16.36564 0.00831 16.00003 0.00936 15.80724 0.02193 0.02782
72.11514 44.92441 19.10230 0.01715 18.23463 0.02915 18.75164 0.03300 -1.00000 0.00000 160.41515 -0.00758 1.25865 0.78408 160.41513 -0.00759 -1.00000 16.87244 0.01253 16.31883 0.01236 16.15060 0.02977 0.03532
72.11208 44.92628 17.30701 0.00531 16.58938 0.00939 16.99416 0.01006 -1.00000 0.00000 160.41232 -0.00803 1.25859 0.78411 160.41231 -0.00804 -1.00000 15.57963 0.00461 15.16869 0.00464 15.01908 0.01103 0.01320
72.11015 44.93581 16.93695 0.00432 16.24981 0.00769 16.61164 0.00807 -1.00000 0.00000 160.40415 -0.00294 1.25856 0.78428 160.40414 -0.00295 -1.00000 15.26343 0.00370 14.87146 0.00365 14.74095 0.00870 0.01888
72.10740 44.92667 17.53192 0.00604 16.80122 0.01070 17.23521 0.01162 -1.00000 0.00000 160.40989 -0.01031 1.25851 0.78412 160.40987 -0.01032 -1.00000 15.76541 0.00527 15.38094 0.00553 15.23504 0.01327 0.02003
72.10559 44.93616 17.04651 0.00459 16.30250 0.00793 16.68977 0.00844 -1.00000 0.00000 160.40181 -0.00519 1.25848 0.78428 160.40179 -0.00519 -1.00000 15.21636 0.00358 14.76422 0.00335 14.61591 0.00783 0.02281
72.10283 44.91612 19.28264 0.01964 18.43480 0.03408 18.95044 0.03849 -1.00000 0.00000 160.41587 -0.01959 1.25843 0.78393 160.41586 -0.01959 -1.00000 17.18951 0.01638 16.71017 0.01747 16.58325 0.04393 0.02277
72.09925 44.94123 17.43513 0.00571 16.68690 0.00997 17.09950 0.01071 -1.00000 0.00000 160.39504 -0.00535 1.25837 0.78437 160.39502 -0.00535 -1.00000 15.55885 0.00454 15.09170 0.00436 14.94108 0.01028 0.04343
72.09874 44.93986 19.84502 0.03060 18.83705 0.04714 19.34373 0.05273 -1.00000 0.00000 160.39585 -0.00651 1.25836 0.78435 160.39583 -0.00653 -1.00000 17.33040 0.01845 16.62994 0.01627 16.47369 0.03964 0.06111
72.09796 44.91731 19.49392 0.02313 18.08626 0.02602 18.78294 0.03380 -1.00000 0.00000 160.41274 -0.02146 1.25835 0.78396 160.41271 -0.02147 -1.00000 16.28869 0.00785 15.58931 0.00658 15.34048 0.01454 0.06358
72.09794 44.92390 17.26705 0.00519 16.41450 0.00846 16.86520 0.00933 -1.00000 0.00000 160.40769 -0.01723 1.25835 0.78407 160.40767 -0.01723 -2.00000 15.12606 0.00338 14.55357 0.00285 14.37884 0.00645 0.05605
72.09555 44.91798 18.11083 0.00862 17.36093 0.01543 17.78887 0.01655 -1.00000 0.00000 160.41113 -0.02233 1.25830 0.78397 160.41111 -0.02234 -1.00000 16.27758 0.00778 15.90583 0.00862 15.80674 0.02188 0.03182
72.09449 44.92884 19.39225 0.02137 18.56702 0.03786 19.07071 0.04232 -1.00000 0.00000 160.40234 -0.01591 1.25829 0.78416 160.40232 -0.01592 -1.00000 17.26073 0.01740 16.74758 0.01806 16.59551 0.04429 0.05287
72.08977 44.92312 18.55469 0.01158 17.71894 0.01984 18.25237 0.02279 -1.00000 0.00000 160.40456 -0.02215 1.25820 0.78406 160.40455 -0.02217 -1.00000 16.55344 0.00969 16.12880 0.01046 15.95873 0.02502 0.04155
72.08843 44.91213 16.72541 0.00386 16.06218 0.00691 16.43014 0.00730 -1.00000 0.00000 160.41236 -0.02996 1.25818 0.78386 160.41235 -0.02996 -1.00000 15.11716 0.00336 14.76968 0.00337 14.65525 0.00810 0.01001
72.08747 44.94850 18.44246 0.01073 17.61758 0.01845 18.06270 0.01994 -1.00000 0.00000 160.38410 -0.00704 1.25816 0.78450 160.38408 -0.00706 -1.00000 16.42734 0.00875 16.01208 0.00945 15.80169 0.02169 0.07190
72.08477 44.90447 19.06021 0.01662 18.22820 0.02901 18.69694 0.03165 -1.00000 0.00000 160.41654 -0.03688 1.25812 0.78373 160.41652 -0.03688 -1.00000 16.92770 0.01318 16.39818 0.01325 16.21766 0.03157 0.05665
72.08507 44.93305 19.31504 0.02014 18.45255 0.03457 18.89888 0.03697 -1.00000 0.00000 160.39482 -0.01830 1.25812 0.78423 160.39480 -0.01830 -1.00000 17.29323 0.01791 16.76793 0.01840 16.61732 0.04511 0.04040
72.08507 44.93895 19.45641 0.02246 18.48710 0.03553 18.99370 0.03982 -1.00000 0.00000 160.39031 -0.01450 1.25812 0.78433 160.39031 -0.01452 -2.00000 17.05780 0.01467 16.30368 0.01220 16.11002 0.02857 0.07545
72.08207 44.94887 19.90773 0.03220 18.92801 0.05081 19.41483 0.05589 -1.00000 0.00000 160.38136 -0.00973 1.25807 0.78451 160.38134 -0.00973 -1.00000 17.28310 0.01775 16.60337 0.01589 16.39474 0.03684 0.04429
72.08102 44.90921 17.63164 0.00641 16.88297 0.01127 17.38888 0.01278 -1.00000 0.00000 160.41120 -0.03585 1.25805 0.78381 160.41119 -0.03586 -1.00000 15.74718 0.00522 15.36063 0.00543 15.18118 0.01265 0.01655
72.07996 44.90541 15.88285 0.00251 15.02543 0.00399 15.46041 0.00441 -1.00000 0.00000 160.41362 -0.03888 1.25803 0.78375 160.41361 -0.03887 -1.00000 13.73838 0.00147 13.10023 0.00104 12.94805 0.00221 0.03857
72.07633 44.96501 18.14765 0.00883 17.30345 0.01484 17.76365 0.01627 -1.00000 0.00000 160.36640 -0.00243 1.25797 0.78479 160.36638 -0.00243 -1.00000 16.12758 0.00692 15.71189 0.00730 15.55227 0.01738 0.04421
72.07523 44.92194 16.65674 0.00372 15.90038 0.00631 16.31047 0.00684 -1.00000 0.00000 160.39883 -0.03079 1.25795 0.78404 160.39882 -0.03079 -1.00000 14.77615 0.00270 14.35020 0.00245 14.18753 0.00552 0.01078
72.07340 44.90507 19.13317 0.01755 18.18096 0.02797 18.66349 0.03085 -1.00000 0.00000 160.41089 -0.04264 1.25792 0.78374 160.41089 -0.04265 -1.00000 16.72549 0.01117 16.10739 0.01027 15.87152 0.02315 0.01851
72.07363 44.93988 17.80775 0.00713 17.10261 0.01298 17.57131 0.01435 -1.00000 0.00000 160.38438 -0.02009 1.25792 0.78435 160.38436 -0.02009 -1.00000 16.03779 0.00647 15.72142 0.00737 15.52093 0.01694 0.04088
72.07321 44.95429 17.54658 0.00610 16.78531 0.01060 17.20318 0.01140 -1.00000 0.00000 160.37317 -0.01103 1.25791 0.78460 160.37314 -0.01103 -1.00000 15.68263 0.00497 15.24577 0.00494 15.07772 0.01152 0.05430
72.07337 44.97123 16.42359 0.00329 15.61887 0.00542 16.04220 0.00593 -1.00000 0.00000 160.36029 -0.00002 1.25792 0.78490 160.36027 -0.00003 -1.00000 14.45113 0.00221 14.00021 0.00189 13.83209 0.00417 0.04985
72.07194 44.96681 19.90198 0.03205 19.04085 0.05581 19.60027 0.06517 -1.00000 0.00000 160.36302 -0.00365 1.25789 0.78482 160.36298 -0.00365 -1.00000 17.40908 0.01975 16.90369 0.02075 16.63874 0.04581 0.11331
72.07032 44.91732 19.96023 0.03361 19.09532 0.05842 19.55056 0.06252 -1.00000 0.00000 160.40012 -0.03642 1.25786 0.78396 160.40010 -0.03642 -1.00000 17.72402 0.02603 17.28719 0.02934 17.07672 0.06842 0.04014
72.07057 44.93281 19.80187 0.02954 18.89339 0.04938 19.51151 0.06053 -1.00000 0.00000 160.38839 -0.02630 1.25787 0.78423 160.38837 -0.02631 -1.00000 17.64113 0.02420 17.13991 0.02570 17.09716 0.06961 0.02533
72.07082 44.93660 17.55996 0.00615 16.81591 0.01080 17.29904 0.01209 -1.00000 0.00000 160.38561 -0.02372 1.25787 0.78429 160.38559 -0.02372 -1.00000 15.70841 0.00507 15.37220 0.00549 15.16499 0.01243 0.05000
72.06919 44.89906 19.43587 0.02210 18.58060 0.03828 18.99245 0.03978 -1.00000 0.00000 160.41356 -0.04880 1.25784 0.78364 160.41356 -0.04880 -1.00000 17.33941 0.01870 16.80924 0.01909 16.65732 0.04684 0.02450
72.06899 44.90990 19.29009 0.01976 18.41118 0.03346 18.98637 0.03959 -1.00000 0.00000 160.40518 -0.04192 1.25784 0.78383 160.40518 -0.04193 -1.00000 17.13798 0.01573 16.64773 0.01654 16.46905 0.03948 0.02735
72.06957 44.96933 19.18478 0.01824 18.21756 0.02877 18.87969 0.03642 -1.00000 0.00000 160.36001 -0.00330 1.25785 0.78486 160.35999 -0.00330 -1.00000 16.84309 0.01225 16.32550 0.01241 16.18610 0.03047 0.07055
72.06832 44.91892 19.06148 0.01663 18.21362 0.02868 18.75005 0.03296 -1.00000 0.00000 160.39798 -0.03647 1.25783 0.78398 160.39797 -0.03647 -1.00000 17.02486 0.01430 16.60865 0.01598 16.36430 0.03589 0.02162
72.06868 44.92912 18.53355 0.01141 17.75694 0.02039 18.15152 0.02122 -1.00000 0.00000 160.39035 -0.02970 1.25784 0.78416 160.39033 -0.02970 -1.00000 16.52875 0.00951 16.05326 0.00981 15.93826 0.02450 0.04048
72.06900 44.94576 18.46493 0.01089 17.70516 0.01964 18.18628 0.02174 -1.00000 0.00000 160.37777 -0.01880 1.25784 0.78445 160.37775 -0.01880 -1.00000 16.56359 0.00977 16.24251 0.01156 16.12187 0.02882 0.06876
72.06884 44.93872 17.66789 0.00655 16.90997 0.01146 17.32250 0.01226 -1.00000 0.00000 160.38308 -0.02343 1.25784 0.78433 160.38306 -0.02343 1.00000 nan nan nan nan nan nan nan
72.06957 44.97160 17.74782 0.00688 16.74982 0.01036 17.26984 0.01187 -1.00000 0.00000 160.35828 -0.00184 1.25785 0.78490 160.35826 -0.00185 -1.00000 15.35264 0.00394 14.66907 0.00311 14.48055 0.00697 0.04273
72.06881 44.95958 19.99627 0.03462 18.76395 0.04440 19.52530 0.06123 -1.00000 0.00000 160.36712 -0.01000 1.25784 0.78469 160.36710 -0.01000 -1.00000 17.23001 0.01697 16.49110 0.01438 16.30717 0.03399 0.03558
72.06736 44.90062 17.72653 0.00679 16.97034 0.01191 17.39784 0.01285 -1.00000 0.00000 160.41153 -0.04879 1.25781 0.78366 160.41152 -0.04880 -1.00000 15.91787 0.00593 15.54452 0.00634 15.40286 0.01532 0.02661
72.06660 44.89731 19.49163 0.02308 18.57613 0.03814 19.09284 0.04307 -1.00000 0.00000 160.41372 -0.05133 1.25780 0.78361 160.41370 -0.05133 -1.00000 17.18233 0.01636 16.54668 0.01512 16.23682 0.03206 0.04373
72.06787 44.96657 18.82868 0.01404 17.75679 0.02039 18.41309 0.02560 -1.00000 0.00000 160.36135 -0.00600 1.25782 0.78481 160.36132 -0.00600 -1.00000 16.12540 0.00691 15.56042 0.00642 15.32601 0.01425 0.07203
72.06452 44.92977 18.41467 0.01053 17.63657 0.01870 18.07903 0.02017 -1.00000 0.00000 160.38795 -0.03153 1.25776 0.78417 160.38792 -0.03153 -1.00000 16.44817 0.00892 15.97197 0.00914 15.80414 0.02174 0.08009
72.06429 44.93172 19.74676 0.02826 18.01798 0.02472 18.82959 0.03503 -1.00000 0.00000 160.38636 -0.03040 1.25776 0.78421 160.38634 -0.03042 -1.00000 16.09976 0.00680 15.45769 0.00590 15.11705 0.01193 0.05075
72.06399 44.93538 19.63565 0.02586 18.62826 0.03977 19.24806 0.04879 -1.00000 0.00000 160.38342 -0.02821 1.25775 0.78427 160.38338 -0.02820 -1.00000 17.16192 0.01605 16.47799 0.01423 16.24681 0.03224 0.11681
72.06243 44.89274 17.90165 0.00756 17.10451 0.01300 17.58281 0.01446 -1.00000 0.00000 160.41531 -0.05654 1.25773 0.78353 160.41530 -0.05654 -1.00000 15.96687 0.00616 15.54969 0.00637 15.42450 0.01561 0.00320
72.06358 44.94357 18.16727 0.00894 17.40872 0.01594 17.80615 0.01674 -1.00000 0.00000 160.37697 -0.02315 1.25775 0.78441 160.37694 -0.02314 -1.00000 16.21535 0.00742 15.76817 0.00767 15.59123 0.01800 0.09148
72.06330 44.96155 18.45357 0.01081 17.68069 0.01930 18.10181 0.02049 -1.00000 0.00000 160.36310 -0.01171 1.25774 0.78473 160.36307 -0.01171 -1.00000 16.53231 0.00952 16.12145 0.01039 15.98510 0.02547 0.06861
72.06131 44.92403 17.82986 0.00723 17.11350 0.01307 17.54582 0.01412 -1.00000 0.00000 160.39088 -0.03698 1.25771 0.78407 160.39086 -0.03698 -1.00000 15.96229 0.00613 15.59689 0.00663 15.41661 0.01546 0.02427
72.05998 44.89579 17.87687 0.00744 17.10543 0.01300 17.60366 0.01465 -1.00000 0.00000 160.41186 -0.05590 1.25768 0.78358 160.41184 -0.05590 -1.00000 15.99856 0.00631 15.62275 0.00678 15.45210 0.01598 0.03550
72.06132 44.97774 17.26022 0.00517 16.25721 0.00772 16.75051 0.00873 -1.00000 0.00000 160.34982 -0.00234 1.25771 0.78501 160.34981 -0.00234 -1.00000 14.83694 0.00280 14.14531 0.00210 13.92506 0.00447 0.02925
72.05875 44.89093 16.88575 0.00420 15.97898 0.00660 16.46057 0.00742 -1.00000 0.00000 160.41501 -0.05970 1.25766 0.78349 160.41501 -0.05969 -1.00000 14.56537 0.00238 13.94616 0.00183 13.76093 0.00396 0.05047
72.05864 44.94846 19.34113 0.02054 18.48464 0.03546 18.99127 0.03975 -1.00000 0.00000 160.37098 -0.02267 1.25766 0.78450 160.37095 -0.02267 -1.00000 17.25812 0.01741 16.80419 0.01901 16.60494 0.04445 0.09066
72.05703 44.89969 17.90974 0.00759 17.08122 0.01280 17.62854 0.01489 -1.00000 0.00000 160.40753 -0.05498 1.25763 0.78365 160.40751 -0.05498 -1.00000 15.87364 0.00575 15.47587 0.00599 15.29174 0.01389 0.05100
72.05731 44.93379 19.55308 0.02423 18.65174 0.04053 19.13084 0.04440 -1.00000 0.00000 160.38159 -0.03284 1.25764 0.78424 160.38157 -0.03285 -1.00000 17.32147 0.01840 16.69250 0.01723 16.50832 0.04078 0.04342
72.05733 44.97958 19.25318 0.01921 18.41056 0.03344 18.92114 0.03762 -1.00000 0.00000 160.34660 -0.00331 1.25764 0.78504 160.34657 -0.00332 -1.00000 17.15905 0.01595 16.66015 0.01667 16.52004 0.04106 0.06097
72.05688 44.92051 14.20305 0.00112 13.63655 0.00203 13.92923 0.00210 -1.00000 0.00000 160.39155 -0.04164 1.25763 0.78401 160.39153 -0.04164 -1.00000 12.85411 0.00093 12.56291 0.00076 12.47014 0.00162 0.02722
72.05438 44.91133 18.09536 0.00854 17.20544 0.01389 17.66436 0.01524 -1.00000 0.00000 160.39742 -0.04892 1.25759 0.78385 160.39740 -0.04891 -1.00000 15.86322 0.00570 15.28507 0.00511 15.08956 0.01165 0.05310
72.05446 44.91684 17.16095 0.00489 16.42016 0.00849 16.80015 0.00898 -1.00000 0.00000 160.39325 -0.04532 1.25759 0.78395 160.39323 -0.04532 -1.00000 15.35486 0.00396 14.94366 0.00387 14.78809 0.00902 0.03485
72.05334 44.89860 19.05847 0.01660 18.19671 0.02831 18.66344 0.03085 -1.00000 0.00000 160.40668 -0.05768 1.25757 0.78363 160.40666 -0.05768 -1.00000 16.92729 0.01323 16.41447 0.01346 16.23529 0.03196 0.04740
72.05295 44.89344 18.26447 0.00953 17.23796 0.01420 17.75628 0.01619 -1.00000 0.00000 160.41044 -0.06122 1.25756 0.78354 160.41043 -0.06122 -1.00000 15.76844 0.00533 15.04274 0.00419 14.82254 0.00929 0.02706
72.05300 44.90907 18.42308 0.01059 17.61382 0.01840 18.09587 0.02040 -1.00000 0.00000 160.39852 -0.05111 1.25756 0.78381 160.39850 -0.05112 -1.00000 16.51810 0.00946 16.05166 0.00980 15.88010 0.02326 0.03074
72.05187 44.89496 18.90964 0.01488 18.11158 0.02653 18.57044 0.02877 -1.00000 0.00000 160.40879 -0.06083 1.25754 0.78356 160.40878 -0.06083 -1.00000 16.88085 0.01274 16.53139 0.01493 16.32835 0.03474 0.02426
72.05394 44.98228 18.15061 0.00885 17.38050 0.01564 17.82688 0.01697 -1.00000 0.00000 160.34298 -0.00341 1.25758 0.78509 160.34297 -0.00340 -1.00000 16.23868 0.00754 15.80560 0.00789 15.62264 0.01843 0.04294
72.05185 44.90109 17.98724 0.00797 17.21158 0.01395 17.64173 0.01502 -1.00000 0.00000 160.40409 -0.05688 1.25754 0.78367 160.40407 -0.05689 -1.00000 16.08342 0.00674 15.69638 0.00722 15.50737 0.01675 0.04214
72.05161 44.91873 19.66324 0.02643 18.77420 0.04477 19.21255 0.04741 -1.00000 0.00000 160.39050 -0.04564 1.25754 0.78398 160.39049 -0.04565 -2.00000 17.43189 0.02026 16.94436 0.02159 16.73038 0.04987 0.02677
72.05168 44.93418 18.52625 0.01136 17.70181 0.01959 18.16598 0.02144 -1.00000 0.00000 160.37872 -0.03564 1.25754 0.78425 160.37870 -0.03564 -1.00000 16.49155 0.00925 16.01294 0.00948 15.85402 0.02270 0.05675
72.05230 44.96038 17.93793 0.00773 17.16813 0.01355 17.60402 0.01465 -1.00000 0.00000 160.35898 -0.01841 1.25755 0.78471 160.35896 -0.01841 -1.00000 15.99104 0.00625 15.60113 0.00664 15.43837 0.01571 0.05899
72.05067 44.90898 19.87386 0.03132 18.90619 0.04990 19.43031 0.05661 -1.00000 0.00000 160.39753 -0.05244 1.25752 0.78381 160.39751 -0.05244 -1.00000 17.60014 0.02346 17.07190 0.02420 16.97822 0.06246 0.03402
72.05195 44.96970 17.13905 0.00483 16.43187 0.00855 16.88956 0.00946 -1.00000 0.00000 160.35169 -0.01259 1.25754 0.78487 160.35167 -0.01259 -1.00000 15.37532 0.00400 15.09531 0.00436 14.93512 0.01017 0.03205
72.05171 44.98083 19.67144 0.02661 18.68612 0.04168 19.36732 0.05376 -1.00000 0.00000 160.34308 -0.00555 1.25754 0.78506 160.34306 -0.00555 -1.00000 17.15556 0.01591 16.63489 0.01629 16.41846 0.03745 0.06551
72.04941 44.90368 19.65111 0.02618 18.70147 0.04220 19.29732 0.05078 -1.00000 0.00000 160.40100 -0.05653 1.25750 0.78372 160.40098 -0.05654 -1.00000 17.23968 0.01722 16.68470 0.01712 16.51456 0.04105 0.05508
72.04932 44.97094 19.10358 0.01716 18.25874 0.02970 18.72041 0.03222 -1.00000 0.00000 160.34955 -0.01322 1.25750 0.78489 160.34952 -0.01322 -1.00000 16.95897 0.01352 16.42078 0.01349 16.20549 0.03095 0.07715
72.04773 44.91102 16.84781 0.00412 16.14387 0.00724 16.49311 0.00756 -1.00000 0.00000 160.39462 -0.05271 1.25747 0.78385 160.39460 -0.05271 -1.00000 15.13268 0.00341 14.68786 0.00317 15.00649 0.01085 0.03738
72.04595 44.98532 17.50193 0.00594 16.72947 0.01023 17.15877 0.01109 -1.00000 0.00000 160.33702 -0.00577 1.25744 0.78514 160.33700 -0.00577 -1.00000 15.55493 0.00453 15.15434 0.00457 14.98896 0.01063 0.04505
72.04427 44.94511 18.52408 0.01134 17.55308 0.01763 18.14216 0.02108 -1.00000 0.00000 160.36698 -0.03260 1.25741 0.78444 160.36697 -0.03260 -1.00000 16.06770 0.00664 15.52275 0.00623 15.27563 0.01365 0.03403
72.04443 44.95744 17.46525 0.00581 16.71292 0.01013 17.12264 0.01085 -1.00000 0.00000 160.35763 -0.02457 1.25741 0.78466 160.35761 -0.02457 -1.00000 15.68671 0.00500 15.30479 0.00519 15.18864 0.01265 0.04386
72.04273 44.89825 17.73766 0.00683 16.91635 0.01151 17.39022 0.01279 -1.00000 0.00000 160.40210 -0.06365 1.25738 0.78362 160.40208 -0.06366 -1.00000 15.68416 0.00501 15.22713 0.00488 15.03880 0.01115 0.02514
72.04278 44.96300 19.87988 0.03147 18.82024 0.04649 19.52475 0.06120 -1.00000 0.00000 160.35263 -0.02187 1.25738 0.78475 160.35260 -0.02187 -1.00000 17.09975 0.01523 16.51385 0.01466 16.26273 0.03259 0.07680
72.04070 44.91203 18.59408 0.01190 17.75995 0.02043 18.23053 0.02244 -1.00000 0.00000 160.39064 -0.05587 1.25735 0.78386 160.39061 -0.05587 -1.00000 16.56161 0.00982 16.10441 0.01028 15.92785 0.02424 0.07189
72.04182 44.97799 16.66280 0.00373 15.92268 0.00639 16.29350 0.00678 -1.00000 0.00000 160.34074 -0.01272 1.25737 0.78501 160.34072 -0.01273 -1.00000 14.83142 0.00279 14.36693 0.00247 14.20761 0.00557 0.03655
72.03976 44.92355 17.34455 0.00542 16.52143 0.00902 17.05210 0.01041 -1.00000 0.00000 160.38140 -0.04895 1.25733 0.78406 160.38138 -0.04895 -1.00000 15.31790 0.00387 14.93589 0.00385 14.73414 0.00861 0.04055
72.04061 44.96991 18.16977 0.00896 17.37631 0.01559 17.80854 0.01677 -1.00000 0.00000 160.34636 -0.01859 1.25735 0.78487 160.34634 -0.01859 -1.00000 16.20002 0.00734 15.76814 0.00765 15.61799 0.01835 0.04238
72.03963 44.94977 18.23195 0.00933 17.37486 0.01558 17.93541 0.01826 -1.00000 0.00000 160.36130 -0.03210 1.25733 0.78452 160.36128 -0.03211 -1.00000 16.07800 0.00670 15.67259 0.00707 15.51528 0.01680 0.05212
72.03822 44.89675 19.01791 0.01611 18.16720 0.02768 18.65402 0.03063 -1.00000 0.00000 160.40118 -0.06706 1.25730 0.78360 160.40116 -0.06706 -1.00000 16.91580 0.01315 16.34777 0.01271 16.12174 0.02880 0.03951
72.03988 44.95415 16.03928 0.00271 15.48302 0.00505 15.85428 0.00538 -1.00000 0.00000 160.35807 -0.02915 1.25733 0.78460 160.35805 -0.02915 -1.00000 14.63262 0.00247 14.41416 0.00256 14.27602 0.00590 0.04587
72.03963 44.96375 17.84683 0.00730 16.92636 0.01158 17.41850 0.01302 -1.00000 0.00000 160.35062 -0.02309 1.25733 0.78477 160.35060 -0.02309 -1.00000 15.59623 0.00469 14.96378 0.00393 14.77874 0.00891 0.03802
72.03961 44.96216 18.30241 0.00977 17.48043 0.01675 17.96711 0.01866 -1.00000 0.00000 160.35183 -0.02413 1.25733 0.78474 160.35181 -0.02414 -1.00000 16.33416 0.00816 15.91546 0.00869 15.77199 0.02104 0.04468
72.03870 44.96649 18.85078 0.01426 17.93388 0.02321 18.52903 0.02789 -1.00000 0.00000 160.34810 -0.02183 1.25731 0.78481 160.34808 -0.02183 -1.00000 16.52944 0.00952 16.10005 0.01019 15.86887 0.02291 0.04734
72.03635 44.91630 15.78963 0.00239 14.97514 0.00389 15.42410 0.00433 -1.00000 0.00000 160.38539 -0.05546 1.25727 0.78394 160.38537 -0.05548 -1.00000 13.78337 0.00152 13.33812 0.00122 13.18310 0.00259 0.06389
72.03655 44.94913 19.14020 0.01764 18.18797 0.02812 18.68980 0.03148 -1.00000 0.00000 160.36039 -0.03418 1.25727 0.78451 160.36037 -0.03419 -1.00000 16.81070 0.01200 16.19102 0.01106 16.00092 0.02581 0.03247
72.03395 44.92089 19.14449 0.01770 18.30710 0.03084 18.76947 0.03345 -1.00000 0.00000 160.38079 -0.05381 1.25723 0.78402 160.38076 -0.05381 -1.00000 16.92754 0.01325 16.31328 0.01234 16.16411 0.02990 0.07357
72.03353 44.92441 19.12636 0.01746 18.35214 0.03194 18.78760 0.03392 -1.00000 0.00000 160.37791 -0.05176 1.25722 0.78408 160.37789 -0.05175 -1.00000 17.11552 0.01551 16.61567 0.01612 16.49906 0.04039 0.04987
72.03325 44.93191 17.74067 0.00685 16.96064 0.01184 17.34590 0.01244 -1.00000 0.00000 160.37204 -0.04708 1.25722 0.78421 160.37202 -0.04708 -1.00000 15.73277 0.00519 15.19054 0.00474 15.04535 0.01119 0.04471
72.03167 44.89907 19.50588 0.02334 18.63197 0.03989 19.12521 0.04420 -1.00000 0.00000 160.39642 -0.06911 1.25719 0.78364 160.39640 -0.06912 -1.00000 17.44661 0.02064 16.87735 0.02035 16.74948 0.05064 0.05589
72.03306 44.96159 19.88361 0.03157 18.89646 0.04950 19.51841 0.06088 -1.00000 0.00000 160.34927 -0.02803 1.25721 0.78473 160.34925 -0.02803 -3.00000 nan nan nan nan nan nan nan
72.03187 44.94897 19.85181 0.03076 18.95264 0.05186 19.38961 0.05475 -1.00000 0.00000 160.35837 -0.03682 1.25719 0.78451 160.35835 -0.03683 -1.00000 17.59590 0.02336 16.90048 0.02072 16.69062 0.04795 0.06546
72.03152 44.94665 18.16311 0.00892 17.14695 0.01336 17.64295 0.01503 -1.00000 0.00000 160.35999 -0.03850 1.25719 0.78447 160.35998 -0.03851 -1.00000 15.68872 0.00502 14.98514 0.00400 14.77490 0.00889 0.02370
72.03229 44.97559 17.84370 0.00729 17.01439 0.01226 17.43445 0.01315 -1.00000 0.00000 160.33822 -0.01942 1.25720 0.78497 160.33820 -0.01942 -1.00000 15.81893 0.00550 15.32471 0.00526 15.13960 0.01209 0.03717
72.03181 44.97353 19.77770 0.02897 18.77835 0.04493 19.25252 0.04897 -1.00000 0.00000 160.33957 -0.02102 1.25719 0.78494 160.33955 -0.02102 -1.00000 17.35080 0.01886 16.80932 0.01902 16.57451 0.04306 0.07166
72.03042 44.90917 18.01211 0.00810 17.20554 0.01389 17.68458 0.01544 -1.00000 0.00000 160.38813 -0.06328 1.25717 0.78381 160.38812 -0.06328 -1.00000 16.07774 0.00673 15.68601 0.00717 15.53019 0.01704 0.02668
72.03007 44.90051 16.37884 0.00322 15.67602 0.00559 16.06539 0.00601 -1.00000 0.00000 160.39459 -0.06905 1.25716 0.78366 160.39457 -0.06905 -1.00000 14.69734 0.00259 14.33180 0.00242 14.17257 0.00543 0.02189
72.03131 44.96235 16.32393 0.00313 15.59209 0.00534 16.01216 0.00584 -1.00000 0.00000 160.34789 -0.02849 1.25718 0.78474 160.34787 -0.02850 -1.00000 14.54586 0.00235 14.15480 0.00211 14.02566 0.00483 0.03002
72.02872 44.91007 19.62220 0.02559 18.45508 0.03464 18.98926 0.03968 -2.00000 0.00000 160.38667 -0.06362 1.25714 0.78383 160.38665 -0.06363 -1.00000 16.87903 0.01275 16.13880 0.01059 15.89253 0.02345 0.03549
72.02975 44.94886 17.52315 0.00601 16.79341 0.01065 17.20926 0.01144 -1.00000 0.00000 160.35749 -0.03804 1.25716 0.78451 160.35746 -0.03804 -1.00000 15.70510 0.00508 15.32407 0.00528 15.20235 0.01279 0.06223
72.02879 44.91372 17.47150 0.00583 16.62833 0.00962 17.08049 0.01058 -1.00000 0.00000 160.38391 -0.06122 1.25714 0.78389 160.38389 -0.06122 -1.00000 15.36953 0.00402 14.81468 0.00350 14.62830 0.00787 0.03518
72.02876 44.97947 16.71972 0.00384 15.91438 0.00636 16.32390 0.00689 -1.00000 0.00000 160.33364 -0.01883 1.25714 0.78504 160.33363 -0.01884 -1.00000 14.69717 0.00257 14.15699 0.00211 13.95919 0.00458 0.01920
72.02770 44.96627 19.60144 0.02517 18.62970 0.03982 19.16217 0.04553 -1.00000 0.00000 160.34326 -0.02792 1.25712 0.78481 160.34324 -0.02792 1.00000 nan nan nan nan nan nan nan
72.02762 44.97774 16.38714 0.00323 15.70898 0.00569 16.05250 0.00596 -1.00000 0.00000 160.33445 -0.02057 1.25712 0.78501 160.33444 -0.02057 -1.00000 14.74445 0.00265 14.31279 0.00237 14.17771 0.00543 0.03229
72.02553 44.91200 18.72283 0.01302 17.86108 0.02200 18.37790 0.02495 -1.00000 0.00000 160.38374 -0.06410 1.25708 0.78386 160.38372 -0.06410 -1.00000 16.53646 0.00964 15.99588 0.00936 15.80659 0.02173 0.03578
72.02669 44.97218 19.43982 0.02217 18.42654 0.03386 19.05425 0.04177 -1.00000 0.00000 160.33828 -0.02466 1.25710 0.78491 160.33825 -0.02467 -1.00000 16.81620 0.01203 16.29717 0.01208 16.10053 0.02812 0.07395
72.02474 44.92701 19.78161 0.02907 18.82577 0.04671 19.44064 0.05709 -1.00000 0.00000 160.37190 -0.05484 1.25707 0.78412 160.37189 -0.05485 -1.00000 17.32814 0.01860 16.75054 0.01817 16.56171 0.04270 0.04297
72.02463 44.90379 15.25912 0.00185 14.57631 0.00319 14.99500 0.00350 -1.00000 0.00000 160.38960 -0.06988 1.25707 0.78372 160.38958 -0.06988 -1.00000 13.53866 0.00133 13.23264 0.00114 13.07045 0.00239 0.04112
72.02513 44.96825 18.86963 0.01446 18.01561 0.02467 18.48012 0.02690 -1.00000 0.00000 160.34057 -0.02803 1.25708 0.78484 160.34054 -0.02803 -1.00000 16.80154 0.01189 16.30966 0.01222 16.20585 0.03090 0.06838
72.02403 44.92886 18.79461 0.01370 17.82909 0.02149 18.46982 0.02669 -1.00000 0.00000 160.37016 -0.05403 1.25706 0.78416 160.37014 -0.05404 -1.00000 16.48383 0.00923 16.02947 0.00963 15.83036 0.02218 0.02913
72.02372 44.92101 18.97521 0.01561 18.06195 0.02555 18.61572 0.02976 -1.00000 0.00000 160.37602 -0.05926 1.25705 0.78402 160.37600 -0.05926 -1.00000 16.65554 0.01061 16.22013 0.01137 16.00246 0.02585 0.06505
72.02335 44.93654 19.01109 0.01603 18.19671 0.02831 18.67861 0.03121 -1.00000 0.00000 160.36399 -0.04945 1.25704 0.78429 160.36397 -0.04945 -1.00000 17.04585 0.01462 16.59414 0.01580 16.45939 0.03892 0.04656
72.02340 44.95824 18.91419 0.01493 18.02092 0.02477 18.50619 0.02742 -1.00000 0.00000 160.34742 -0.03542 1.25705 0.78467 160.34741 -0.03543 -1.00000 16.69714 0.01093 16.10103 0.01020 15.86634 0.02285 0.03652
72.02127 44.93794 18.48295 0.01103 17.65866 0.01900 18.15459 0.02126 -1.00000 0.00000 160.36196 -0.04967 1.25701 0.78432 160.36194 -0.04967 -1.00000 16.54515 0.00969 16.04722 0.00977 15.87545 0.02307 0.04136
72.02124 44.96218 19.58247 0.02479 18.48782 0.03555 19.16773 0.04573 -1.00000 0.00000 160.34343 -0.03405 1.25701 0.78474 160.34340 -0.03406 -1.00000 16.92766 0.01321 16.36524 0.01285 16.17058 0.02995 0.06553
72.01951 44.92556 19.33221 0.02040 18.44079 0.03425 18.93537 0.03804 -1.00000 0.00000 160.37062 -0.05861 1.25698 0.78410 160.37060 -0.05861 -1.00000 17.07117 0.01497 16.52087 0.01482 16.41099 0.03726 0.04238
72.01918 44.94624 19.21571 0.01867 18.28115 0.03022 18.87805 0.03638 -1.00000 0.00000 160.35467 -0.04544 1.25697 0.78446 160.35466 -0.04544 -1.00000 17.10755 0.01539 16.66455 0.01679 16.42181 0.03758 0.03441
72.01763 44.93630 19.22386 0.01879 18.37105 0.03242 18.80100 0.03427 -1.00000 0.00000 160.36156 -0.05269 1.25694 0.78429 160.36153 -0.05268 -1.00000 17.04443 0.01462 16.47595 0.01423 16.32964 0.03462 0.07171
72.01773 44.97122 19.70030 0.02723 18.86435 0.04821 19.32036 0.05174 -1.00000 0.00000 160.33491 -0.03011 1.25695 0.78490 160.33489 -0.03011 -1.00000 17.52233 0.02188 16.98783 0.02231 16.70554 0.04842 0.04699
72.01522 44.91971 18.49031 0.01108 17.70108 0.01958 18.13617 0.02099 -1.00000 0.00000 160.37313 -0.06470 1.25690 0.78400 160.37311 -0.06470 -1.00000 16.48967 0.00929 16.08483 0.01011 15.89828 0.02354 0.02501
72.01362 44.92077 17.40972 0.00563 16.65649 0.00979 17.03151 0.01028 -1.00000 0.00000 160.37159 -0.06488 1.25687 0.78402 160.37158 -0.06488 -1.00000 15.55435 0.00458 15.08356 0.00434 14.95687 0.01036 0.01660
72.01325 44.91377 19.49423 0.02313 18.57675 0.03816 19.11536 0.04385 -1.00000 0.00000 160.37677 -0.06960 1.25687 0.78389 160.37675 -0.06960 -1.00000 17.16122 0.01619 16.63987 0.01649 16.49945 0.04032 0.03044
72.01103 44.94017 17.65194 0.00649 16.82698 0.01088 17.29209 0.01203 -1.00000 0.00000 160.35558 -0.05377 1.25683 0.78435 160.35556 -0.05377 -1.00000 15.61932 0.00478 15.15943 0.00461 14.97720 0.01054 0.05895
72.01038 44.92984 18.56032 0.01163 17.78050 0.02074 18.18859 0.02178 -1.00000 0.00000 160.36318 -0.06079 1.25682 0.78417 160.36317 -0.06079 -1.00000 16.67704 0.01080 16.25240 0.01169 16.11016 0.02842 0.00716
72.01051 44.91696 16.63012 0.00367 15.93958 0.00645 16.31441 0.00686 -1.00000 0.00000 160.37308 -0.06902 1.25682 0.78395 160.37307 -0.06902 -1.00000 14.92933 0.00300 14.52530 0.00280 14.38163 0.00642 0.01903
72.00971 44.93873 17.73088 0.00681 16.96827 0.01190 17.39591 0.01284 -1.00000 0.00000 160.35608 -0.05541 1.25681 0.78433 160.35606 -0.05540 1.00000 nan nan nan nan nan nan nan
72.00890 44.92095 18.70537 0.01286 17.91452 0.02288 18.36622 0.02474 -1.00000 0.00000 160.36930 -0.06732 1.25679 0.78402 160.36928 -0.06732 -1.00000 16.80660 0.01203 16.41352 0.01349 16.26494 0.03264 0.03139
72.00802 44.94748 19.46296 0.02257 18.55727 0.03757 19.16992 0.04581 -1.00000 0.00000 160.34863 -0.05068 1.25678 0.78448 160.34861 -0.05067 -1.00000 17.13449 0.01576 16.63915 0.01641 16.44740 0.03842 0.04550
72.00579 44.93546 18.23949 0.00937 17.40667 0.01592 17.86369 0.01740 -1.00000 0.00000 160.35679 -0.05964 1.25674 0.78427 160.35677 -0.05963 -1.00000 16.16441 0.00719 15.71609 0.00735 15.54827 0.01726 0.05318
72.00429 44.92676 19.76820 0.02875 18.81501 0.04630 19.33647 0.05242 -1.00000 0.00000 160.36276 -0.06607 1.25671 0.78412 160.36274 -0.06608 -1.00000 17.47208 0.02110 17.04122 0.02357 16.83971 0.05479 0.03523
72.00499 44.96527 19.11063 0.01725 18.23325 0.02912 18.70997 0.03196 -1.00000 0.00000 160.33365 -0.04084 1.25672 0.78479 160.33364 -0.04084 -1.00000 16.92654 0.01320 16.34648 0.01262 16.15716 0.02954 0.02655
72.00400 44.93443 16.87999 0.00419 16.08953 0.00702 16.52674 0.00770 -1.00000 0.00000 160.35676 -0.06127 1.25671 0.78425 160.35675 -0.06127 -1.00000 14.93938 0.00301 14.49227 0.00273 14.32566 0.00613 0.01185
72.00239 44.94063 18.29857 0.00974 17.53568 0.01741 17.97019 0.01870 -1.00000 0.00000 160.35129 -0.05815 1.25668 0.78436 160.35128 -0.05815 -1.00000 16.46458 0.00909 16.05015 0.00978 15.91232 0.02379 0.03133
72.00243 44.94902 17.82008 0.00719 17.03107 0.01239 17.49084 0.01363 -1.00000 0.00000 160.34490 -0.05271 1.25668 0.78451 160.34488 -0.05271 -1.00000 15.90219 0.00588 15.51334 0.00617 15.36521 0.01469 0.02993
72.00121 44.95519 19.12752 0.01747 18.15521 0.02743 18.71762 0.03215 -1.00000 0.00000 160.33963 -0.04939 1.25666 0.78462 160.33961 -0.04938 -1.00000 16.64999 0.01053 16.16023 0.01074 15.95923 0.02478 0.06773
71.99991 44.96104 18.97126 0.01557 17.98547 0.02412 18.65454 0.03065 -1.00000 0.00000 160.33457 -0.04632 1.25664 0.78472 160.33456 -0.04631 -1.00000 16.51191 0.00941 16.03233 0.00960 15.75422 0.02064 0.03408
71.99944 44.94222 19.57592 0.02467 18.70277 0.04224 19.16748 0.04572 -1.00000 0.00000 160.34873 -0.05871 1.25663 0.78439 160.34869 -0.05871 -1.00000 17.35294 0.01900 16.79101 0.01880 16.59024 0.04367 0.08798
71.99749 44.92450 18.23841 0.00937 17.36888 0.01551 17.82050 0.01690 -1.00000 0.00000 160.36137 -0.07121 1.25659 0.78408 160.36137 -0.07121 -1.00000 16.11563 0.00694 15.53043 0.00629 15.32555 0.01420 0.01739
71.99578 44.94842 15.90771 0.00254 14.64072 0.00329 15.39651 0.00427 -1.00000 0.00000 160.34232 -0.05669 1.25656 0.78450 160.34231 -0.05669 -1.00000 12.68699 0.00086 11.90989 0.00053 11.62031 0.00098 0.03341
71.99550 44.93952 15.39446 0.00197 14.75605 0.00348 15.08847 0.00366 -1.00000 0.00000 160.34899 -0.06259 1.25656 0.78434 160.34898 -0.06259 -1.00000 13.89452 0.00161 13.54830 0.00139 13.44029 0.00310 0.02773
71.99434 44.95141 19.87719 0.03141 18.70561 0.04234 19.37033 0.05389 -1.00000 0.00000 160.33937 -0.05554 1.25654 0.78455 160.33936 -0.05555 -1.00000 17.09931 0.01529 16.43860 0.01371 16.18945 0.03041 0.02811
71.99054 44.93084 19.91571 0.03241 18.77131 0.04467 19.48272 0.05911 -1.00000 0.00000 160.35335 -0.07087 1.25647 0.78419 160.35333 -0.07088 -1.00000 17.19955 0.01671 16.41669 0.01351 16.20222 0.03079 0.06746
71.98849 44.94562 19.44198 0.02221 18.55288 0.03744 19.06605 0.04217 -1.00000 0.00000 160.34113 -0.06244 1.25644 0.78445 160.34111 -0.06243 -1.00000 16.99582 0.01403 16.41332 0.01343 16.17425 0.03000 0.06460
71.97950 44.93561 19.10414 0.01717 18.26735 0.02990 18.74890 0.03293 -1.00000 0.00000 160.34467 -0.07377 1.25628 0.78427 160.34466 -0.07376 -1.00000 17.10844 0.01546 16.60049 0.01588 16.51395 0.04068 0.03114
