# ra_1	dec_1	r	rErr	i	iErr	ha	haErr	mergedClass_1	errBits	l	b	RA_2	DEC_2	L	B	MERGEDCLASS_2	J	JERR	H	HERR	K	KERR	Separation
72.10371 44.91498 18.80525 0.01358 18.02516 0.02478 18.40823 0.02629 -1.00000 0.00000 160.41715 -0.01985 1.25845 0.78392 160.41706 -0.01986 -1.00000 16.89378 0.01278 16.39310 0.01319 16.16480 0.03016 0.27576
72.09285 44.84971 19.36013 0.02049 18.50671 0.03596 19.10060 0.04480 -1.00000 0.00000 160.46211 -0.06779 1.25826 0.78278 160.46210 -0.06779 -1.00000 17.20717 0.01682 16.77710 0.01867 16.63461 0.04651 0.02437
72.09316 44.86903 16.14511 0.00282 15.51191 0.00512 15.80239 0.00535 -1.00000 0.00000 160.44747 -0.05517 1.25826 0.78311 160.44745 -0.05518 -1.00000 14.63239 0.00248 14.22358 0.00223 14.10086 0.00520 0.03151
72.09019 44.85436 13.82546 0.00093 13.22823 0.00167 13.49781 0.00175 -1.00000 0.00000 160.45733 -0.06623 1.25821 0.78286 160.45731 -0.06624 -1.00000 12.28809 0.00071 12.02190 0.00057 11.90341 0.00116 0.04255
72.08737 44.85581 19.43492 0.02171 18.56687 0.03773 18.99876 0.04131 -1.00000 0.00000 160.45493 -0.06683 1.25816 0.78288 160.45491 -0.06683 -1.00000 17.20100 0.01671 16.71413 0.01761 16.54484 0.04273 0.05058
72.08331 44.85707 19.37501 0.02073 18.44398 0.03422 18.86929 0.03731 -1.00000 0.00000 160.45212 -0.06821 1.25809 0.78290 160.45210 -0.06821 -1.00000 16.88144 0.01278 16.25607 0.01174 16.12949 0.02938 0.04936
72.08078 44.84277 17.87081 0.00731 17.13906 0.01327 17.47133 0.01381 -1.00000 0.00000 160.46190 -0.07880 1.25805 0.78265 160.46188 -0.07879 -1.00000 15.98904 0.00631 15.59942 0.00669 15.41795 0.01571 0.06352
72.07755 44.85692 19.81919 0.02943 18.32695 0.03122 19.10965 0.04512 -1.00000 0.00000 160.44960 -0.07143 1.25799 0.78290 160.44957 -0.07143 -1.00000 16.51148 0.00945 15.88618 0.00851 15.53841 0.01737 0.06239
72.07441 44.85600 18.47173 0.01077 17.52523 0.01725 18.03044 0.02006 -1.00000 0.00000 160.44888 -0.07373 1.25794 0.78289 160.44885 -0.07373 -1.00000 16.12063 0.00696 15.51818 0.00622 15.31071 0.01423 0.07334
72.07378 44.84732 18.00724 0.00795 17.17022 0.01355 17.59766 0.01499 -1.00000 0.00000 160.45522 -0.07967 1.25792 0.78273 160.45520 -0.07966 -1.00000 15.82431 0.00558 15.42770 0.00578 15.27272 0.01380 0.07032
72.07307 44.85856 19.43573 0.02172 18.61717 0.03928 19.08284 0.04416 -1.00000 0.00000 160.44630 -0.07281 1.25791 0.78293 160.44628 -0.07280 -1.00000 17.34405 0.01889 16.85928 0.02003 16.73968 0.05073 0.06235
72.06790 44.87011 18.08598 0.00836 17.22496 0.01405 17.67532 0.01577 -1.00000 0.00000 160.43511 -0.06816 1.25782 0.78313 160.43507 -0.06817 -1.00000 15.94959 0.00610 15.48182 0.00602 15.31541 0.01422 0.10241
72.06156 44.86334 19.41147 0.02132 18.52344 0.03644 18.90142 0.03826 -1.00000 0.00000 160.43739 -0.07596 1.25771 0.78301 160.43737 -0.07597 -1.00000 17.25411 0.01750 16.75966 0.01830 16.61875 0.04530 0.04051
72.06188 44.87418 18.71471 0.01274 17.82054 0.02130 18.35375 0.02526 -1.00000 0.00000 160.42925 -0.06880 1.25772 0.78320 160.42922 -0.06880 -1.00000 16.53789 0.00964 16.11959 0.01039 15.93545 0.02450 0.08394
72.05956 44.86043 17.27249 0.00513 16.48275 0.00881 16.96190 0.01010 -1.00000 0.00000 160.43870 -0.07892 1.25768 0.78296 160.43867 -0.07892 -1.00000 15.21710 0.00362 14.84532 0.00359 14.65279 0.00809 0.09728
72.05498 44.86597 19.88747 0.03111 18.75761 0.04401 19.41295 0.05774 -1.00000 0.00000 160.43237 -0.07783 1.25760 0.78306 160.43232 -0.07785 -1.00000 17.05115 0.01474 16.28762 0.01205 16.08881 0.02809 0.14097
72.05459 44.86788 18.28148 0.00949 17.50905 0.01705 17.86295 0.01788 -1.00000 0.00000 160.43073 -0.07681 1.25759 0.78309 160.43070 -0.07681 -1.00000 16.25956 0.00775 15.76244 0.00764 15.57860 0.01786 0.09140
72.05369 44.87971 14.46695 0.00125 13.58935 0.00198 14.02362 0.00224 -1.00000 0.00000 160.42128 -0.06967 1.25757 0.78330 160.42125 -0.06967 -1.00000 12.17449 0.00067 11.58909 0.00045 11.39056 0.00087 0.07502
72.05062 44.86282 18.52152 0.01114 17.74751 0.02020 18.11913 0.02135 -1.00000 0.00000 160.43279 -0.08222 1.25752 0.78300 160.43275 -0.08222 -1.00000 16.52447 0.00957 16.13265 0.01053 15.93712 0.02452 0.09833
72.04716 44.86460 19.61784 0.02506 18.79066 0.04521 19.17968 0.04774 -1.00000 0.00000 160.42985 -0.08295 1.25746 0.78304 160.42981 -0.08294 -2.00000 17.48197 0.02131 16.97393 0.02217 16.77237 0.05190 0.10271
72.04473 44.87907 19.02854 0.01597 18.15773 0.02740 18.53935 0.02898 -1.00000 0.00000 160.41767 -0.07494 1.25742 0.78329 160.41764 -0.07494 -1.00000 16.96760 0.01374 16.47615 0.01422 16.33187 0.03481 0.09497
72.03732 44.87254 15.29888 0.00186 14.71048 0.00341 14.96818 0.00352 -1.00000 0.00000 160.41928 -0.08316 1.25729 0.78317 160.41925 -0.08316 -1.00000 13.82260 0.00155 13.48381 0.00133 13.40614 0.00304 0.07497
72.18835 44.85813 16.28607 0.00307 15.73238 0.00576 16.05132 0.00596 -1.00000 0.00000 160.49925 -0.01057 1.25993 0.78292 160.49933 -0.01057 -1.00000 14.95898 0.00287 14.74952 0.00321 14.62619 0.00722 0.29337
72.17979 44.87839 18.31277 0.00984 17.56691 0.01780 17.93166 0.01822 -1.00000 0.00000 160.47984 -0.00217 1.25978 0.78327 160.47990 -0.00218 -1.00000 16.43940 0.00825 16.01352 0.00911 15.86968 0.02093 0.24467
72.17683 44.87727 18.58092 0.01179 17.77637 0.02068 18.25458 0.02283 -1.00000 0.00000 160.47935 -0.00450 1.25972 0.78326 160.47941 -0.00451 -1.00000 16.65682 0.00981 16.21619 0.01087 16.10115 0.02571 0.23505
72.17086 44.88546 18.63713 0.01226 17.77302 0.02063 18.29253 0.02346 -1.00000 0.00000 160.47036 -0.00246 1.25962 0.78340 160.47042 -0.00247 -1.00000 16.48967 0.00858 16.05739 0.00948 15.87633 0.02104 0.25405
72.16513 44.85778 18.25670 0.00948 17.40210 0.01587 17.84964 0.01723 -1.00000 0.00000 160.48893 -0.02339 1.25952 0.78291 160.48899 -0.02341 -1.00000 16.13342 0.00653 15.63134 0.00662 15.47778 0.01488 0.25902
72.16230 44.87814 19.11461 0.01731 18.24961 0.02949 18.70933 0.03195 -1.00000 0.00000 160.47206 -0.01182 1.25947 0.78327 160.47211 -0.01184 -1.00000 17.02038 0.01323 16.49360 0.01394 16.27051 0.02990 0.23212
72.16244 44.87264 16.80014 0.00401 16.05909 0.00690 16.43158 0.00731 -1.00000 0.00000 160.47633 -0.01528 1.25947 0.78317 160.47638 -0.01530 -1.00000 14.96606 0.00289 14.46681 0.00260 14.31022 0.00558 0.23530
72.16178 44.87070 18.99013 0.01578 17.64362 0.01879 18.28983 0.02341 -1.00000 0.00000 160.47751 -0.01690 1.25946 0.78314 160.47758 -0.01691 -1.00000 15.96065 0.00573 15.23660 0.00477 14.94758 0.00942 0.26266
72.15879 44.87055 18.38391 0.01031 17.59539 0.01816 18.00207 0.01912 -1.00000 0.00000 160.47626 -0.01861 1.25941 0.78314 160.47631 -0.01863 -1.00000 16.31662 0.00751 15.84456 0.00794 15.67389 0.01763 0.21861
72.15759 44.88185 18.66906 0.01254 17.85498 0.02190 18.37800 0.02496 -1.00000 0.00000 160.46707 -0.01199 1.25939 0.78334 160.46711 -0.01201 -1.00000 16.65083 0.00977 16.23106 0.01108 16.05885 0.02473 0.20871
72.15480 44.87142 17.43139 0.00570 16.60573 0.00949 17.06729 0.01050 -1.00000 0.00000 160.47378 -0.02021 1.25934 0.78315 160.47382 -0.02022 -1.00000 15.39140 0.00382 14.93597 0.00375 14.75255 0.00800 0.20438
72.15217 44.88209 19.33761 0.02049 18.54784 0.03729 19.03423 0.04112 -1.00000 0.00000 160.46442 -0.01477 1.25929 0.78334 160.46446 -0.01479 -1.00000 17.25535 0.01611 16.77491 0.01794 16.64946 0.04200 0.21576
72.15198 44.90247 19.40211 0.02153 18.47018 0.03505 18.98874 0.03967 -1.00000 0.00000 160.44873 -0.00175 1.25929 0.78370 160.44877 -0.00177 -1.00000 16.98926 0.01285 16.28665 0.01160 16.14220 0.02654 0.19494
72.14924 44.85728 19.96053 0.03362 19.17270 0.06235 19.67281 0.06924 -1.00000 0.00000 160.48206 -0.03233 1.25924 0.78291 160.48211 -0.03234 -1.00000 17.86643 0.02740 17.38549 0.03129 17.27600 0.07461 0.19629
72.15002 44.88596 18.29619 0.00973 17.49739 0.01695 17.91650 0.01803 -1.00000 0.00000 160.46047 -0.01345 1.25926 0.78341 160.46052 -0.01347 -1.00000 16.24237 0.00708 15.75527 0.00736 15.59656 0.01643 0.20435
72.14754 44.85794 18.89836 0.01476 18.13207 0.02695 18.50696 0.02744 -1.00000 0.00000 160.48078 -0.03283 1.25921 0.78292 160.48079 -0.03287 1.00000 nan nan nan nan nan nan nan
72.14845 44.89351 19.70510 0.02733 18.15517 0.02743 18.90093 0.03703 -1.00000 0.00000 160.45398 -0.00943 1.25923 0.78354 160.45402 -0.00946 -1.00000 16.45561 0.00835 15.77271 0.00746 15.50150 0.01510 0.19433
72.14787 44.88803 17.15468 0.00487 16.43246 0.00855 16.82867 0.00913 -1.00000 0.00000 160.45791 -0.01328 1.25922 0.78344 160.45792 -0.01330 0.00000 nan nan nan nan nan nan nan
72.14672 44.87287 17.08846 0.00469 16.33142 0.00806 16.74485 0.00870 -1.00000 0.00000 160.46898 -0.02366 1.25920 0.78318 160.46902 -0.02365 1.00000 nan nan nan nan nan nan nan
72.14618 44.86605 17.81810 0.00718 17.11938 0.01312 17.52514 0.01393 -1.00000 0.00000 160.47396 -0.02834 1.25919 0.78306 160.47398 -0.02834 0.00000 nan nan nan nan nan nan nan
72.14654 44.88539 19.44751 0.02230 18.67021 0.04114 19.03561 0.04116 -1.00000 0.00000 160.45932 -0.01569 1.25920 0.78340 160.45936 -0.01571 -1.00000 17.21753 0.01561 16.64061 0.01594 16.42682 0.03437 0.16444
72.14648 44.87522 17.74111 0.00685 16.87779 0.01123 17.30608 0.01214 -1.00000 0.00000 160.46707 -0.02228 1.25919 0.78322 160.46706 -0.02233 0.00000 nan nan nan nan nan nan nan
72.14786 44.89644 13.98737 0.00101 13.05165 0.00154 13.54929 0.00176 -1.00000 0.00000 160.45147 -0.00787 1.25922 0.78359 160.45147 -0.00788 -1.00000 nan nan nan nan nan nan 0.04390
72.14371 44.85873 17.72013 0.00676 16.99008 0.01206 17.35293 0.01250 -1.00000 0.00000 160.47842 -0.03439 1.25915 0.78293 160.47846 -0.03438 -1.00000 15.77038 0.00534 15.33526 0.00537 15.05611 0.01161 0.16392
72.14389 44.90484 18.38729 0.01034 17.48678 0.01683 17.95839 0.01855 -1.00000 0.00000 160.44323 -0.00461 1.25915 0.78374 160.44324 -0.00461 -1.00000 16.12741 0.00692 15.55764 0.00642 15.24961 0.01357 0.06468
72.14288 44.87812 13.80835 0.00093 13.37536 0.00179 13.63882 0.00184 -1.00000 0.00000 160.46322 -0.02236 1.25913 0.78327 160.46324 -0.02236 -1.00000 12.85102 0.00093 12.58947 0.00077 12.52827 0.00170 0.12692
72.13994 44.85994 19.97716 0.03408 19.01172 0.05447 19.61357 0.06589 -1.00000 0.00000 160.47579 -0.03566 1.25908 0.78295 160.47583 -0.03565 -2.00000 17.58902 0.02328 16.87611 0.02045 16.60166 0.04555 0.19434
72.13913 44.86781 17.17997 0.00494 16.43371 0.00856 16.87871 0.00940 -1.00000 0.00000 160.46939 -0.03103 1.25907 0.78309 160.46942 -0.03102 1.00000 nan nan nan nan nan nan nan
72.13930 44.90646 18.05084 0.00830 17.19054 0.01376 17.69070 0.01551 -1.00000 0.00000 160.43989 -0.00605 1.25907 0.78377 160.43989 -0.00605 -1.00000 15.89431 0.00580 15.42325 0.00573 15.23240 0.01335 0.03360
72.13818 44.88984 15.32336 0.00191 14.72915 0.00344 15.05002 0.00360 -1.00000 0.00000 160.45210 -0.01736 1.25905 0.78348 160.45212 -0.01737 -1.00000 13.92932 0.00164 13.59140 0.00143 13.48891 0.00328 0.07763
72.13696 44.90423 17.47642 0.00585 16.72366 0.01020 17.15355 0.01106 -1.00000 0.00000 160.44054 -0.00876 1.25903 0.78373 160.44055 -0.00876 -1.00000 15.71968 0.00510 15.27782 0.00508 15.13129 0.01224 0.06244
72.13526 44.88539 17.78785 0.00705 16.95178 0.01177 17.46040 0.01337 -1.00000 0.00000 160.45418 -0.02181 1.25900 0.78340 160.45419 -0.02181 -1.00000 15.65266 0.00488 15.26715 0.00504 15.07639 0.01172 0.07072
72.13161 44.88727 19.18043 0.01818 18.35162 0.03193 18.84485 0.03545 -1.00000 0.00000 160.45107 -0.02258 1.25893 0.78343 160.45108 -0.02258 -1.00000 17.15594 0.01597 16.60457 0.01595 16.49304 0.04095 0.06902
72.13132 44.89275 19.92872 0.03275 18.98577 0.05331 19.45806 0.05792 -1.00000 0.00000 160.44675 -0.01921 1.25893 0.78353 160.44673 -0.01921 -1.00000 17.53455 0.02207 16.85383 0.01991 16.66942 0.04799 0.02831
72.13148 44.91656 18.40430 0.01046 17.56011 0.01771 17.99465 0.01902 -1.00000 0.00000 160.42860 -0.00379 1.25893 0.78394 160.42859 -0.00380 -1.00000 16.30599 0.00793 15.71007 0.00729 15.54972 0.01754 0.04894
72.12809 44.86485 19.20529 0.01852 18.32724 0.03132 18.77839 0.03368 -1.00000 0.00000 160.46662 -0.03893 1.25887 0.78304 160.46664 -0.03893 1.00000 nan nan nan nan nan nan nan
72.12702 44.86174 17.98246 0.00795 17.19941 0.01384 17.65880 0.01519 -1.00000 0.00000 160.46851 -0.04151 1.25885 0.78298 160.46854 -0.04150 -1.00000 16.04614 0.00655 15.58803 0.00662 15.47088 0.01656 0.13963
72.12748 44.89890 16.45916 0.00335 15.74661 0.00581 16.08542 0.00607 -1.00000 0.00000 160.44029 -0.01733 1.25886 0.78363 160.44030 -0.01733 -1.00000 14.73248 0.00262 14.18007 0.00216 14.04787 0.00500 0.08619
72.12720 44.91544 18.79304 0.01369 18.01543 0.02467 18.40922 0.02553 -1.00000 0.00000 160.42751 -0.00683 1.25886 0.78392 160.42749 -0.00684 -1.00000 16.88538 0.01267 16.38029 0.01305 16.23588 0.03225 0.03947
72.12333 44.86525 18.80186 0.01377 17.90647 0.02275 18.39896 0.02534 -1.00000 0.00000 160.46414 -0.04125 1.25879 0.78305 160.46416 -0.04126 -1.00000 16.59547 0.01008 16.03320 0.00968 15.82335 0.02255 0.11799
72.12251 44.89547 18.92287 0.01503 18.13049 0.02691 18.55412 0.02842 -1.00000 0.00000 160.44064 -0.02223 1.25878 0.78357 160.44064 -0.02223 -1.00000 16.94414 0.01335 16.42207 0.01356 16.27202 0.03346 0.02144
72.12238 44.87398 16.38117 0.00322 15.70406 0.00567 16.09609 0.00610 -1.00000 0.00000 160.45702 -0.03614 1.25877 0.78320 160.45704 -0.03614 -1.00000 14.71848 0.00261 14.37676 0.00250 14.24799 0.00587 0.09749
72.12207 44.88654 18.76099 0.01338 17.95263 0.02354 18.40166 0.02539 -1.00000 0.00000 160.44727 -0.02822 1.25877 0.78342 160.44729 -0.02822 1.00000 nan nan nan nan nan nan nan
72.12217 44.89884 17.36951 0.00550 16.40147 0.00840 16.94573 0.00977 -1.00000 0.00000 160.43792 -0.02025 1.25877 0.78363 160.43792 -0.02025 -1.00000 14.88229 0.00289 14.16574 0.00214 13.97003 0.00470 0.03969
72.12220 44.91972 19.72864 0.02785 18.83730 0.04715 19.36033 0.05345 -1.00000 0.00000 160.42196 -0.00678 1.25877 0.78400 160.42195 -0.00680 1.00000 nan nan nan nan nan nan nan
72.11826 44.85781 18.18331 0.00904 17.31944 0.01500 17.82333 0.01693 -1.00000 0.00000 160.46751 -0.04879 1.25870 0.78292 160.46755 -0.04879 -1.00000 15.99195 0.00630 15.48416 0.00606 15.31726 0.01447 0.17291
72.11692 44.85936 19.73677 0.02804 18.82265 0.04659 19.34502 0.05279 -1.00000 0.00000 160.46572 -0.04852 1.25868 0.78294 160.46573 -0.04852 -3.00000 nan nan nan nan nan nan nan
72.11876 44.88144 14.16187 0.00110 13.61282 0.00200 13.91516 0.00209 -1.00000 0.00000 160.44967 -0.03330 1.25871 0.78333 160.44968 -0.03330 -1.00000 12.84600 0.00093 12.55434 0.00076 12.46412 0.00163 0.08005
72.11579 44.86303 18.86684 0.01443 18.02208 0.02479 18.54174 0.02816 -1.00000 0.00000 160.46239 -0.04677 1.25866 0.78301 160.46241 -0.04676 -1.00000 16.86358 0.01256 16.33064 0.01255 16.18756 0.03116 0.12456
72.11640 44.88429 15.61260 0.00219 15.00647 0.00395 15.35011 0.00417 -1.00000 0.00000 160.44641 -0.03274 1.25867 0.78338 160.44642 -0.03274 -1.00000 14.18238 0.00189 13.83892 0.00170 13.70361 0.00383 0.06799
72.11632 44.92226 18.47706 0.01098 17.51006 0.01710 18.00123 0.01911 -1.00000 0.00000 160.41733 -0.00833 1.25867 0.78404 160.41733 -0.00834 -1.00000 16.18384 0.00722 15.45307 0.00587 15.26566 0.01365 0.02480
72.11429 44.87027 18.43050 0.01064 17.24909 0.01430 17.83327 0.01705 -1.00000 0.00000 160.45617 -0.04291 1.25863 0.78313 160.45620 -0.04291 -1.00000 15.60517 0.00473 14.85268 0.00361 14.61015 0.00789 0.12592
72.11396 44.90022 19.76572 0.02870 18.83849 0.04720 19.31803 0.05164 -1.00000 0.00000 160.43311 -0.02381 1.25863 0.78366 160.43311 -0.02382 -1.00000 17.52102 0.02179 16.99626 0.02258 16.89670 0.05864 0.03130
72.11115 44.86532 19.65851 0.02633 18.81192 0.04618 19.33619 0.05241 -1.00000 0.00000 160.45852 -0.04781 1.25858 0.78305 160.45854 -0.04782 -1.00000 17.48381 0.02123 17.08176 0.02448 16.86817 0.05749 0.10533
72.10934 44.85732 19.92943 0.03277 18.77892 0.04495 19.36575 0.05369 -1.00000 0.00000 160.46381 -0.05394 1.25855 0.78291 160.46384 -0.05394 -1.00000 16.96944 0.01374 16.12434 0.01049 15.87651 0.02361 0.12749
72.10942 44.89202 19.96662 0.03379 18.50196 0.03595 19.20660 0.04718 -1.00000 0.00000 160.43731 -0.03155 1.25855 0.78351 160.43733 -0.03154 -1.00000 16.69671 0.01090 16.04730 0.00976 15.76235 0.02119 0.09350
72.10762 44.88300 19.19568 0.01839 18.30891 0.03088 18.88565 0.03659 -1.00000 0.00000 160.44339 -0.03833 1.25852 0.78336 160.44339 -0.03833 -1.00000 17.10199 0.01528 16.68429 0.01710 16.48032 0.04029 0.04185
72.10642 44.88103 17.94366 0.00776 17.09740 0.01294 17.58090 0.01444 -1.00000 0.00000 160.44435 -0.04026 1.25849 0.78332 160.44435 -0.04025 -1.00000 15.83392 0.00557 15.25194 0.00498 15.06084 0.01150 0.04587
72.10500 44.87187 19.58541 0.02485 18.69012 0.04181 19.21704 0.04758 -1.00000 0.00000 160.45071 -0.04692 1.25847 0.78316 160.45072 -0.04692 -1.00000 17.47927 0.02112 16.93257 0.02137 16.72987 0.05055 0.08309
72.10480 44.85910 18.86658 0.01443 17.90622 0.02274 18.47077 0.02671 -1.00000 0.00000 160.46037 -0.05526 1.25847 0.78294 160.46040 -0.05526 -1.00000 16.33734 0.00822 15.80001 0.00792 15.54550 0.01759 0.13628
72.10465 44.87717 19.90400 0.03210 18.86531 0.04825 19.61121 0.06576 -1.00000 0.00000 160.44649 -0.04370 1.25846 0.78325 160.44648 -0.04369 -1.00000 17.80388 0.02799 17.20953 0.02739 17.00480 0.06480 0.05339
72.10094 44.89325 17.42893 0.00569 16.68535 0.00996 17.08070 0.01059 -1.00000 0.00000 160.43250 -0.03535 1.25840 0.78353 160.43250 -0.03535 -1.00000 15.61756 0.00476 15.17079 0.00465 15.03859 0.01125 0.03176
72.10058 44.88141 15.03856 0.00166 14.42447 0.00296 14.74855 0.00311 -1.00000 0.00000 160.44139 -0.04317 1.25839 0.78333 160.44140 -0.04318 -1.00000 13.57472 0.00135 13.21702 0.00112 13.11859 0.00250 0.04326
72.10055 44.91365 19.49086 0.02307 18.55845 0.03761 19.05156 0.04168 -1.00000 0.00000 160.41672 -0.02241 1.25839 0.78389 160.41670 -0.02242 -1.00000 17.38970 0.01944 16.87936 0.02032 16.59627 0.04445 0.04139
72.10137 44.91116 15.55144 0.00213 14.86880 0.00368 15.18569 0.00384 -1.00000 0.00000 160.41900 -0.02358 1.25841 0.78385 160.41899 -0.02359 -1.00000 13.91233 0.00162 13.41213 0.00127 13.28514 0.00280 0.04368
72.10066 44.88866 14.15299 0.00109 13.23559 0.00168 13.71981 0.00191 -1.00000 0.00000 160.43588 -0.03845 1.25839 0.78345 160.43588 -0.03846 -1.00000 11.75715 0.00055 11.19005 0.00037 10.90872 0.00068 0.03650
72.09610 44.88090 19.04241 0.01640 18.15123 0.02734 18.69049 0.03149 -1.00000 0.00000 160.43974 -0.04593 1.25831 0.78332 160.43973 -0.04592 -1.00000 16.90111 0.01292 16.32331 0.01242 16.10074 0.02859 0.03422
72.09580 44.87721 19.14989 0.01777 18.27075 0.02998 18.77172 0.03351 -1.00000 0.00000 160.44242 -0.04847 1.25831 0.78326 160.44242 -0.04846 -1.00000 16.88191 0.01272 16.40536 0.01335 16.21957 0.03182 0.05567
72.09424 44.87051 17.77076 0.00697 17.00793 0.01220 17.43077 0.01312 -1.00000 0.00000 160.44683 -0.05363 1.25828 0.78314 160.44684 -0.05363 -2.00000 15.89142 0.00582 15.47872 0.00601 15.31308 0.01429 0.07003
72.09405 44.89928 18.10656 0.00860 17.33867 0.01520 17.73890 0.01601 -1.00000 0.00000 160.42474 -0.03520 1.25828 0.78364 160.42473 -0.03520 -1.00000 16.13735 0.00699 15.58481 0.00655 15.42244 0.01564 0.01749
72.09357 44.87922 16.40573 0.00326 15.74370 0.00580 16.04661 0.00595 -1.00000 0.00000 160.43986 -0.04838 1.25827 0.78329 160.43986 -0.04838 -1.00000 14.76374 0.00268 14.37163 0.00249 14.29119 0.00604 0.03732
72.09283 44.90651 16.84562 0.00411 15.88072 0.00625 16.39686 0.00717 -1.00000 0.00000 160.41866 -0.03120 1.25826 0.78377 160.41865 -0.03121 -1.00000 14.39172 0.00213 13.71302 0.00155 13.52286 0.00333 0.01068
72.08970 44.87658 19.37679 0.02111 18.44867 0.03446 18.87837 0.03638 -1.00000 0.00000 160.44011 -0.05218 1.25820 0.78324 160.44012 -0.05217 -1.00000 17.13698 0.01576 16.52028 0.01478 16.37175 0.03643 0.06981
72.09112 44.90262 14.83600 0.00151 14.17535 0.00262 14.50033 0.00276 -1.00000 0.00000 160.42085 -0.03463 1.25823 0.78370 160.42085 -0.03464 -1.00000 13.27925 0.00116 12.84348 0.00089 12.76814 0.00197 0.02582
72.08664 44.87992 17.37907 0.00553 16.55694 0.00921 17.05422 0.01042 -1.00000 0.00000 160.43617 -0.05169 1.25815 0.78330 160.43617 -0.05169 -1.00000 15.30319 0.00382 14.89013 0.00371 14.70653 0.00849 0.02675
72.08459 44.87044 15.78394 0.00239 15.12138 0.00418 15.44080 0.00436 -1.00000 0.00000 160.44248 -0.05891 1.25811 0.78314 160.44249 -0.05890 -1.00000 14.12469 0.00183 13.73028 0.00157 13.61305 0.00357 0.05389
72.08189 44.89002 17.17899 0.00494 16.51387 0.00898 16.90480 0.00954 -1.00000 0.00000 160.42627 -0.04775 1.25807 0.78348 160.42627 -0.04775 -1.00000 15.56010 0.00457 15.23966 0.00492 15.10198 0.01184 0.01794
72.07821 44.87889 18.69273 0.01275 17.81299 0.02124 18.31072 0.02377 -1.00000 0.00000 160.43310 -0.05691 1.25800 0.78328 160.43310 -0.05692 -1.00000 16.38366 0.00850 15.75985 0.00762 15.61420 0.01850 0.03326
72.07835 44.89158 18.34521 0.01005 17.60312 0.01826 18.03307 0.01953 -1.00000 0.00000 160.42347 -0.04866 1.25801 0.78351 160.42348 -0.04864 -1.00000 16.51431 0.00942 16.12574 0.01044 15.94786 0.02482 0.10365
72.07729 44.87387 15.97818 0.00263 15.40913 0.00485 15.75934 0.00512 -1.00000 0.00000 160.43652 -0.06065 1.25799 0.78320 160.43652 -0.06065 -1.00000 14.60681 0.00244 14.31751 0.00239 14.16885 0.00546 0.02142
72.07556 44.88361 16.85717 0.00414 15.78649 0.00593 16.39666 0.00717 -1.00000 0.00000 160.42828 -0.05531 1.25796 0.78337 160.42828 -0.05531 -1.00000 14.10436 0.00181 13.33776 0.00121 13.10060 0.00246 0.00760
72.07360 44.87069 17.21124 0.00503 16.35515 0.00817 16.86788 0.00934 -1.00000 0.00000 160.43727 -0.06470 1.25792 0.78314 160.43726 -0.06470 -1.00000 15.04748 0.00323 14.52876 0.00280 14.34023 0.00627 0.02309
72.07229 44.87660 18.60450 0.01199 17.80700 0.02114 18.33164 0.02413 -1.00000 0.00000 160.43215 -0.06160 1.25790 0.78324 160.43216 -0.06160 -1.00000 16.58756 0.01002 16.18614 0.01101 15.94310 0.02472 0.03477
72.07132 44.87908 17.11806 0.00477 16.39939 0.00839 16.76481 0.00880 -1.00000 0.00000 160.42981 -0.06052 1.25788 0.78329 160.42981 -0.06052 -1.00000 15.34928 0.00395 14.89856 0.00373 14.74780 0.00876 0.02525
72.07014 44.87483 19.93707 0.03298 19.05179 0.05633 19.63358 0.06700 -1.00000 0.00000 160.43252 -0.06391 1.25786 0.78321 160.43250 -0.06392 -1.00000 17.55193 0.02253 16.95225 0.02172 16.77751 0.05231 0.06161
72.06719 44.87473 18.56743 0.01168 17.76141 0.02045 18.25663 0.02286 -1.00000 0.00000 160.43125 -0.06557 1.25781 0.78321 160.43125 -0.06557 -1.00000 16.48923 0.00926 16.04963 0.00978 15.87615 0.02326 0.01748
72.06546 44.88815 17.88102 0.00746 17.09121 0.01288 17.55923 0.01424 -1.00000 0.00000 160.42020 -0.05785 1.25778 0.78345 160.42019 -0.05786 -1.00000 15.87928 0.00577 15.51012 0.00616 15.33235 0.01441 0.02454
72.06301 44.88705 17.84738 0.00731 16.93174 0.01162 17.37750 0.01269 -1.00000 0.00000 160.41993 -0.05989 1.25774 0.78343 160.41992 -0.05989 -1.00000 15.59256 0.00469 14.94800 0.00388 14.75234 0.00877 0.02380
72.06258 44.88917 16.78113 0.00397 16.12269 0.00715 16.47120 0.00747 -1.00000 0.00000 160.41810 -0.05876 1.25773 0.78346 160.41809 -0.05876 -1.00000 15.19345 0.00355 14.81673 0.00350 14.66517 0.00816 0.01865
72.05763 44.87934 19.17515 0.01811 17.94593 0.02342 18.54013 0.02812 -1.00000 0.00000 160.42336 -0.06778 1.25764 0.78329 160.42337 -0.06777 -1.00000 16.39675 0.00861 15.66497 0.00703 15.44301 0.01585 0.06530
72.19392 44.86085 17.97912 0.01023 17.28290 0.01621 17.63999 0.01956 -1.00000 0.00000 160.49972 -0.00579 1.26002 0.78297 160.49971 -0.00579 -1.00000 16.26946 0.00724 15.89720 0.00826 15.75345 0.01895 0.02386
72.18978 44.86965 19.56111 0.03499 18.69244 0.04662 19.17304 0.06562 -1.00000 0.00000 160.49109 -0.00238 1.25995 0.78312 160.49109 -0.00237 -1.00000 17.30169 0.01675 16.66692 0.01617 16.47965 0.03616 0.06239
72.18915 44.86093 19.89800 0.04659 18.95828 0.05803 19.49230 0.08624 -1.00000 0.00000 160.49748 -0.00833 1.25994 0.78297 160.49749 -0.00833 -1.00000 17.70381 0.02367 17.21640 0.02646 17.10102 0.06344 0.07362
72.18385 44.86130 19.91710 0.04736 19.05790 0.06307 19.50111 0.08690 -1.00000 0.00000 160.49477 -0.01097 1.25985 0.78298 160.49477 -0.01096 -1.00000 17.62985 0.02219 17.09651 0.02375 16.97378 0.05646 0.04405
72.18282 44.87706 17.92657 0.00986 17.17502 0.01508 17.61682 0.01924 -1.00000 0.00000 160.48224 -0.00138 1.25983 0.78325 160.48222 -0.00139 1.00000 nan nan nan nan nan nan nan
72.18212 44.86755 18.50692 0.01503 17.62356 0.02055 18.09084 0.02733 -1.00000 0.00000 160.48920 -0.00788 1.25982 0.78309 160.48921 -0.00788 1.00000 nan nan nan nan nan nan nan
72.18063 44.86152 19.99855 0.05081 19.11015 0.06590 19.57595 0.09272 -1.00000 0.00000 160.49314 -0.01257 1.25979 0.78298 160.49315 -0.01258 -1.00000 17.76272 0.02491 17.25211 0.02731 17.04177 0.06002 0.07247
72.17374 44.86986 19.23166 0.02662 18.31182 0.03441 18.85672 0.05035 -1.00000 0.00000 160.48361 -0.01094 1.25967 0.78313 160.48360 -0.01093 1.00000 nan nan nan nan nan nan nan
72.17144 44.86685 14.72234 0.00162 13.80739 0.00242 14.29854 0.00286 -1.00000 0.00000 160.48487 -0.01413 1.25963 0.78307 160.48487 -0.01412 -1.00000 12.31999 0.00069 11.74574 0.00048 11.51932 0.00087 0.04833
72.16534 44.86263 17.98766 0.01029 17.12639 0.01460 17.60307 0.01905 -1.00000 0.00000 160.48531 -0.02015 1.25952 0.78300 160.48531 -0.02015 -1.00000 15.83955 0.00525 15.32814 0.00514 15.15361 0.01124 0.05266
72.16089 44.86431 18.81525 0.01906 17.90330 0.02520 18.37164 0.03400 -1.00000 0.00000 160.48200 -0.02148 1.25945 0.78303 160.48201 -0.02147 -1.00000 16.57738 0.00923 16.01128 0.00917 15.82824 0.02022 0.08047
72.15648 44.86497 18.71103 0.01758 17.75431 0.02258 18.31799 0.03259 -1.00000 0.00000 160.47948 -0.02346 1.25937 0.78304 160.47948 -0.02345 -1.00000 16.28285 0.00733 15.64127 0.00670 15.42312 0.01418 0.05068
72.15604 44.86815 19.32448 0.02873 18.44002 0.03807 19.02174 0.05777 -1.00000 0.00000 160.47684 -0.02164 1.25936 0.78310 160.47686 -0.02164 -1.00000 17.06162 0.01372 16.58901 0.01524 16.40517 0.03380 0.08547
72.14476 44.86106 17.32248 0.00660 16.55080 0.01014 16.98743 0.01251 -1.00000 0.00000 160.47713 -0.03233 1.25916 0.78297 160.47713 -0.03231 -1.00000 15.45179 0.00399 15.04167 0.00411 14.90494 0.00913 0.08554
72.14080 44.86150 19.88952 0.04625 18.93545 0.05694 19.42741 0.08155 -1.00000 0.00000 160.47498 -0.03419 1.25910 0.78298 160.47499 -0.03416 -3.00000 nan nan nan nan nan nan nan
72.13291 44.86822 15.89150 0.00291 15.25877 0.00495 15.65916 0.00572 -1.00000 0.00000 160.46624 -0.03415 1.25896 0.78310 160.46624 -0.03410 1.00000 nan nan nan nan nan nan nan
72.13318 44.87422 14.78877 0.00167 14.12190 0.00281 14.43354 0.00306 -1.00000 0.00000 160.46177 -0.03014 1.25896 0.78320 160.46177 -0.03010 -1.00000 13.13158 0.00107 12.69038 0.00082 12.57815 0.00176 0.14541
72.10733 44.85471 19.49854 0.03466 18.66476 0.05707 19.15520 0.05769 -1.00000 0.00000 160.46489 -0.05671 1.25851 0.78286 160.46487 -0.05673 -1.00000 17.33891 0.01879 16.88117 0.02049 16.66747 0.04802 0.07621
72.17368 44.85504 18.38285 0.01403 17.62872 0.02449 18.06803 0.02413 -1.00000 0.00000 160.49492 -0.02051 1.25967 0.78287 160.49491 -0.02052 -1.00000 16.49331 0.00863 16.08784 0.00976 15.95837 0.02269 0.03341
72.16079 44.85400 19.70100 0.04121 18.65536 0.05662 19.28955 0.06464 -1.00000 0.00000 160.48984 -0.02817 1.25944 0.78285 160.48984 -0.02816 -1.00000 17.41360 0.01849 16.88449 0.01984 16.61710 0.04099 0.07333
72.10067 44.85346 18.29986 0.01317 17.39913 0.02055 17.89118 0.02114 -1.00000 0.00000 160.46281 -0.06113 1.25839 0.78284 160.46278 -0.06112 -1.00000 16.11825 0.00694 15.56979 0.00651 15.43239 0.01594 0.08209
72.10560 44.85320 19.64002 0.03911 18.88678 0.06903 19.25530 0.06279 -1.00000 0.00000 160.46526 -0.05862 1.25848 0.78284 160.46525 -0.05863 1.00000 nan nan nan nan nan nan nan
72.15884 44.85316 18.52189 0.01561 17.70119 0.02591 18.18549 0.02638 -1.00000 0.00000 160.48959 -0.02978 1.25941 0.78284 160.48958 -0.02979 -1.00000 16.44544 0.00832 15.96927 0.00888 15.80763 0.01990 0.03966
72.17787 44.85288 18.59212 0.01649 17.83255 0.02874 18.27697 0.02831 -1.00000 0.00000 160.49849 -0.01964 1.25974 0.78283 160.49848 -0.01965 -1.00000 16.54272 0.00897 16.13028 0.01011 15.95975 0.02270 0.03238
72.14658 44.85325 15.78821 0.00269 15.10110 0.00473 15.45533 0.00469 -1.00000 0.00000 160.48393 -0.03637 1.25919 0.78284 160.48392 -0.03639 -1.00000 14.10031 0.00172 13.66088 0.00148 13.53756 0.00311 0.05278
72.11757 44.85168 19.45125 0.03330 18.56650 0.05250 19.16028 0.05794 -1.00000 0.00000 160.47189 -0.05311 1.25869 0.78281 160.47187 -0.05310 -1.00000 17.08133 0.01511 16.48981 0.01449 16.28389 0.03412 0.08099
72.10659 44.85109 17.49508 0.00740 16.35169 0.00988 17.02595 0.01162 -1.00000 0.00000 160.46733 -0.05945 1.25850 0.78280 160.46730 -0.05945 -1.00000 14.48711 0.00227 13.74040 0.00159 13.47083 0.00324 0.06870
72.09818 44.85076 16.01239 0.00303 15.01451 0.00452 15.56971 0.00498 -1.00000 0.00000 160.46373 -0.06422 1.25835 0.78279 160.46371 -0.06421 -1.00000 13.38358 0.00123 12.72386 0.00084 12.52896 0.00170 0.06631
72.17659 44.85036 19.04533 0.02373 17.68871 0.02566 18.40232 0.03122 -1.00000 0.00000 160.49984 -0.02195 1.25972 0.78279 160.49983 -0.02196 -1.00000 16.02714 0.00602 15.30795 0.00504 15.03055 0.01012 0.05933
72.14694 44.84953 18.86683 0.02052 17.97976 0.03233 18.50621 0.03389 -1.00000 0.00000 160.48694 -0.03857 1.25920 0.78277 160.48692 -0.03858 -1.00000 nan nan nan nan nan nan 0.04552
72.13245 44.84854 19.04087 0.02365 18.28905 0.04162 18.67433 0.03878 -1.00000 0.00000 160.48109 -0.04707 1.25895 0.78275 160.48106 -0.04707 1.00000 nan nan nan nan nan nan nan
72.15093 44.84856 14.99024 0.00178 14.08855 0.00281 14.56537 0.00299 -1.00000 0.00000 160.48950 -0.03702 1.25927 0.78275 160.48949 -0.03704 -1.00000 12.60393 0.00079 12.00264 0.00055 11.81016 0.00103 0.05950
72.10035 44.84769 19.29013 0.02907 18.41425 0.04619 18.93011 0.04781 -1.00000 0.00000 160.46707 -0.06502 1.25839 0.78274 160.46705 -0.06502 -1.00000 17.05344 0.01478 16.51621 0.01483 16.34236 0.03585 0.04770
72.15563 44.84759 19.56424 0.03665 18.74431 0.06108 19.17483 0.05866 -1.00000 0.00000 160.49239 -0.03510 1.25935 0.78274 160.49238 -0.03512 -2.00000 17.26388 0.01630 16.80310 0.01855 16.52850 0.03794 0.06858
72.10005 44.84663 19.57532 0.03700 18.79615 0.06385 19.31914 0.06628 -1.00000 0.00000 160.46775 -0.06587 1.25838 0.78272 160.46772 -0.06588 -1.00000 17.30373 0.01828 16.81623 0.01938 16.57063 0.04406 0.08245
72.09260 44.84601 18.87652 0.02069 18.28132 0.04136 18.76811 0.04185 -1.00000 0.00000 160.46482 -0.07030 1.25825 0.78271 160.46480 -0.07030 -1.00000 17.13115 0.01579 16.82050 0.01944 16.59038 0.04476 0.03873
72.09925 44.84564 18.30597 0.01323 17.49224 0.02205 17.96060 0.02226 -1.00000 0.00000 160.46814 -0.06694 1.25837 0.78270 160.46813 -0.06693 -1.00000 16.30640 0.00805 15.84590 0.00827 15.70753 0.02036 0.03641
72.14705 44.84495 19.90916 0.04934 18.98530 0.07517 19.52550 0.07910 -1.00000 0.00000 160.49049 -0.04145 1.25920 0.78269 160.49050 -0.04147 -1.00000 nan nan nan nan nan nan 0.07588
72.10428 44.84478 16.96043 0.00524 16.29795 0.00954 16.62565 0.00904 -1.00000 0.00000 160.47110 -0.06476 1.25846 0.78269 160.47108 -0.06476 -1.00000 15.24911 0.00371 14.87576 0.00370 14.71581 0.00867 0.05943
72.13835 44.84486 18.69507 0.01789 17.79445 0.02788 18.30777 0.02899 -1.00000 0.00000 160.48659 -0.04624 1.25905 0.78269 160.48658 -0.04624 -2.00000 16.36432 0.00843 15.72237 0.00747 15.50498 0.01724 0.02463
72.12187 44.84519 14.49638 0.00140 13.62387 0.00224 14.08929 0.00237 -1.00000 0.00000 160.47881 -0.05496 1.25876 0.78270 160.47879 -0.05496 -1.00000 12.18498 0.00067 11.63601 0.00046 11.45126 0.00091 0.05386
72.11102 44.84431 19.66490 0.03995 18.89862 0.06974 19.31375 0.06598 -1.00000 0.00000 160.47453 -0.06141 1.25857 0.78268 160.47451 -0.06141 -1.00000 17.37552 0.01946 16.85309 0.02008 16.69380 0.04947 0.06104
72.13444 44.84461 16.65985 0.00437 15.91086 0.00751 16.31348 0.00751 -1.00000 0.00000 160.48500 -0.04852 1.25898 0.78269 160.48498 -0.04851 1.00000 nan nan nan nan nan nan nan
72.13850 44.84379 18.25175 0.01270 17.41511 0.02080 17.81427 0.01998 -1.00000 0.00000 160.48748 -0.04684 1.25905 0.78267 160.48747 -0.04683 -2.00000 15.98611 0.00629 15.37136 0.00556 15.15905 0.01277 0.04155
72.15882 44.84364 19.02856 0.02341 18.27496 0.04114 18.76207 0.04165 -1.00000 0.00000 160.49687 -0.03591 1.25941 0.78267 160.49685 -0.03593 -1.00000 17.01930 0.01327 16.63372 0.01594 16.45422 0.03549 0.06899
72.12046 44.84313 19.80842 0.04521 18.99334 0.07570 19.62016 0.08585 -1.00000 0.00000 160.47974 -0.05705 1.25874 0.78266 160.47970 -0.05705 -2.00000 17.76027 0.02718 17.20991 0.02771 17.10259 0.07195 0.12027
72.16569 44.84389 13.82166 0.00101 13.27896 0.00190 13.49817 0.00179 -1.00000 0.00000 160.49981 -0.03203 1.25953 0.78267 160.49980 -0.03204 -1.00000 12.39255 0.00071 11.98013 0.00054 11.85361 0.00105 0.03353
72.14613 44.84206 19.70081 0.04120 18.75312 0.06154 19.34977 0.06804 -1.00000 0.00000 160.49229 -0.04382 1.25919 0.78264 160.49227 -0.04382 -2.00000 nan nan 17.67411 0.04236 nan nan 0.04359
72.13901 44.84234 16.29418 0.00354 15.56482 0.00613 15.94301 0.00609 -1.00000 0.00000 160.48882 -0.04750 1.25906 0.78265 160.48881 -0.04750 1.00000 nan nan nan nan nan nan nan
72.11810 44.84206 17.52800 0.00757 16.54126 0.01118 17.10045 0.01220 -1.00000 0.00000 160.47949 -0.05902 1.25870 0.78264 160.47947 -0.05902 -1.00000 14.89503 0.00294 14.24572 0.00229 14.02499 0.00497 0.04777
72.11756 44.84089 19.55560 0.03639 18.48906 0.04918 19.10120 0.05513 -1.00000 0.00000 160.48014 -0.06007 1.25869 0.78262 160.48014 -0.06014 1.00000 nan nan nan nan nan nan nan
72.13599 44.84063 19.03876 0.02361 18.20729 0.03890 18.67990 0.03896 -1.00000 0.00000 160.48875 -0.05024 1.25901 0.78262 160.48874 -0.05024 1.00000 nan nan nan nan nan nan nan
72.10054 44.84032 19.30675 0.02948 18.47708 0.04869 18.98879 0.05019 -1.00000 0.00000 160.47280 -0.06967 1.25839 0.78261 160.47278 -0.06966 -2.00000 17.13847 0.01592 16.76258 0.01853 16.47548 0.04056 0.03493
72.12878 44.83824 17.35059 0.00672 16.64872 0.01202 17.03441 0.01168 -1.00000 0.00000 160.48729 -0.05569 1.25888 0.78257 160.48728 -0.05569 -2.00000 15.66295 0.00497 15.28866 0.00520 15.17653 0.01296 0.03555
72.11011 44.83797 18.91714 0.02138 18.24759 0.04022 18.70169 0.03965 -1.00000 0.00000 160.47897 -0.06599 1.25856 0.78257 160.47894 -0.06599 -1.00000 17.06581 0.01499 16.77094 0.01871 16.57391 0.04451 0.06938
72.10654 44.83789 18.31764 0.01335 17.59932 0.02394 18.06393 0.02405 -1.00000 0.00000 160.47740 -0.06798 1.25850 0.78257 160.47738 -0.06797 -1.00000 16.50953 0.00948 16.14291 0.01074 16.01591 0.02693 0.05269
72.09136 44.83711 18.22121 0.01241 17.49181 0.02204 17.98402 0.02265 -1.00000 0.00000 160.47106 -0.07672 1.25823 0.78256 160.47104 -0.07671 -1.00000 16.34157 0.00830 15.99467 0.00942 15.91229 0.02444 0.06724
72.09131 44.83552 19.27531 0.02872 18.35714 0.04404 18.76925 0.04189 -1.00000 0.00000 160.47225 -0.07777 1.25823 0.78253 160.47222 -0.07777 -1.00000 16.91912 0.01326 16.39941 0.01344 16.21449 0.03204 0.06844
72.10098 44.83607 14.69885 0.00155 14.21861 0.00300 14.47641 0.00286 -1.00000 0.00000 160.47625 -0.07216 1.25840 0.78254 160.47623 -0.07215 -1.00000 13.39353 0.00124 13.20345 0.00112 13.10942 0.00251 0.05747
72.14899 44.83508 19.79027 0.04451 18.91284 0.07060 19.40800 0.07151 -1.00000 0.00000 160.49893 -0.04676 1.25924 0.78252 160.49889 -0.04678 -1.00000 17.38987 0.01820 16.66839 0.01661 16.52513 0.03803 0.13846
72.12546 44.83440 17.47379 0.00730 16.56015 0.01132 17.06315 0.01190 -1.00000 0.00000 160.48871 -0.05996 1.25883 0.78251 160.48870 -0.05996 -2.00000 15.04125 0.00324 14.47548 0.00273 14.28177 0.00613 0.02737
72.12042 44.83413 19.73335 0.04237 18.79361 0.06371 19.37695 0.06963 -1.00000 0.00000 160.48661 -0.06288 1.25874 0.78250 160.48660 -0.06288 -2.00000 17.31420 0.01853 16.66439 0.01707 16.40132 0.03830 0.02736
72.13012 44.83311 19.29001 0.02907 18.04613 0.03411 18.71938 0.04022 -1.00000 0.00000 160.49183 -0.05827 1.25891 0.78249 160.49181 -0.05827 -1.00000 16.52209 0.00959 15.83100 0.00824 15.58724 0.01861 0.03401
72.14335 44.83243 19.08413 0.02450 18.37657 0.04476 18.76128 0.04162 -1.00000 0.00000 160.49839 -0.05153 1.25914 0.78247 160.49838 -0.05153 -1.00000 17.05442 0.01487 16.58942 0.01604 16.48323 0.04161 0.01050
72.11625 44.82896 17.02329 0.00545 16.32215 0.00969 16.68216 0.00936 -1.00000 0.00000 160.48866 -0.06846 1.25867 0.78241 160.48865 -0.06846 -2.00000 15.20908 0.00363 14.73083 0.00332 14.60015 0.00796 0.04227
72.09459 44.82817 17.42812 0.00708 16.67123 0.01220 17.06516 0.01192 -1.00000 0.00000 160.47937 -0.08072 1.25829 0.78240 160.47936 -0.08072 -1.00000 15.50201 0.00444 15.08807 0.00441 14.91147 0.01026 0.04076
72.13017 44.82602 19.23093 0.02767 18.37743 0.04479 18.92794 0.04772 -1.00000 0.00000 160.49727 -0.06280 1.25891 0.78236 160.49726 -0.06280 -2.00000 17.24427 0.01751 16.71698 0.01798 16.52078 0.04301 0.02380
72.13496 44.82560 19.76967 0.04372 18.72086 0.05987 19.25893 0.06298 -1.00000 0.00000 160.49978 -0.06048 1.25899 0.78235 160.49976 -0.06047 1.00000 nan nan nan nan nan nan nan
72.10902 44.82392 19.26771 0.02853 17.73113 0.02653 18.48847 0.03342 -1.00000 0.00000 160.48922 -0.07564 1.25854 0.78233 160.48921 -0.07562 1.00000 nan nan nan nan nan nan nan
72.11813 44.82043 17.57456 0.00781 17.02668 0.01563 17.38311 0.01473 -1.00000 0.00000 160.49605 -0.07294 1.25870 0.78226 160.49604 -0.07293 1.00000 nan nan nan nan nan nan nan
72.11515 44.81459 18.09452 0.01130 17.29257 0.01897 17.74805 0.01905 -1.00000 0.00000 160.49915 -0.07832 1.25865 0.78216 160.49915 -0.07830 1.00000 nan nan nan nan nan nan nan
